  0 2.857143
  1 2.352827
  2 1.936438
  3 1.582266
  4 1.273487
  5 1.796364
  6 1.507462
  7 1.275385
  8 1.083623
  9 0.921640
 10 1.102849
 11 0.936486
 12 0.802645
 13 0.692222
 14 0.599326
 15 0.664730
 16 0.570114
 17 0.493184
 18 0.429258
 19 0.375233
 20 0.398608
 21 0.344649
 22 0.300257
 23 0.263045
 24 0.231391
 25 0.239081
 26 0.208035
 27 0.182224
 28 0.160412
 29 0.141741
 30 0.143640
 31 0.125610
 32 0.110486
 33 0.097618
 34 0.086542
 35 0.086452
 36 0.075896
 37 0.066978
 38 0.059345
 39 0.052745
 40 0.052109
 41 0.045891
 42 0.040605
 43 0.036059
 44 0.032112
 45 0.031446
 46 0.027764
 47 0.024619
 48 0.021902
 49 0.019536
 50 0.018994
 51 0.016805
 52 0.014928
 53 0.013301
 54 0.011879
 55 0.011480
 56 0.010176
 57 0.009052
 58 0.008076
 59 0.007221
 60 0.006943
 61 0.006163
 62 0.005490
 63 0.004903
 64 0.004388
 65 0.004201
 66 0.003734
 67 0.003329
 68 0.002976
 69 0.002666
 70 0.002542
 71 0.002262
 72 0.002019
 73 0.001807
 74 0.001619
 75 0.001539
 76 0.001371
 77 0.001225
 78 0.001096
 79 0.000983
 80 0.000932
 81 0.000831
 82 0.000743
 83 0.000665
 84 0.000597
 85 0.000565
 86 0.000504
 87 0.000451
 88 0.000404
 89 0.000363
 90 0.000342
 91 0.000305
 92 0.000273
 93 0.000245
 94 0.000220
 95 0.000207
 96 0.000185
 97 0.000166
 98 0.000149
 99 0.000134
100 0.000126
101 0.000112
102 0.000101
103 0.000090
104 0.000081
105 0.000076
106 0.000068
107 0.000061
108 0.000055
109 0.000049
110 0.000046
111 0.000041
112 0.000037
113 0.000033
114 0.000030
