  0 0.000000
  1 0.000000
  2 0.000000
  3 0.000000
  4 0.000000
  5 0.000000
  6 0.000000
  7 0.000000
  8 0.000000
  9 0.000000
 10 0.000000
 11 0.000000
 12 0.000000
 13 0.000000
 14 0.000000
 15 0.000000
 16 0.000000
 17 0.000000
 18 0.000000
 19 0.000000
 20 0.000000
 21 0.000000
 22 0.000000
 23 0.000000
 24 0.000000
 25 0.000000
 26 0.000000
 27 0.000000
 28 0.000000
 29 0.000000
 30 0.000000
 31 0.000000
 32 0.000000
 33 0.000000
 34 0.000000
 35 0.000000
 36 0.000000
 37 0.000000
 38 0.000000
 39 0.000000
 40 0.000000
 41 0.000000
 42 0.000000
 43 0.000000
 44 0.000000
 45 0.000000
 46 0.000000
 47 0.000000
 48 0.000000
 49 0.000000
 50 0.000000
 51 0.000000
 52 0.000000
 53 0.000000
 54 0.000000
 55 0.000000
 56 0.000000
 57 0.000000
 58 0.000000
 59 0.000000
 60 0.000000
 61 0.000000
 62 0.000000
 63 0.000000
 64 0.000000
 65 0.000000
 66 0.000000
 67 0.000000
 68 0.000000
 69 0.000000
 70 0.000000
 71 0.000000
 72 0.000000
 73 0.000000
 74 0.000000
 75 0.000000
 76 0.000000
 77 0.000000
 78 0.000000
 79 0.000000
 80 0.000000
 81 0.000000
 82 0.000000
 83 0.000000
 84 0.000000
 85 0.000000
 86 0.000000
 87 0.000000
 88 0.000000
 89 0.000000
 90 0.000000
 91 0.000000
 92 0.000000
 93 0.000000
 94 0.000000
 95 0.000000
 96 0.000000
 97 0.000000
 98 0.000000
 99 0.000000
100 0.000000
101 0.000000
102 0.000000
103 0.000000
104 0.000000
105 0.000000
106 0.000000
107 0.000000
108 0.000000
109 0.000000
110 0.000000
111 0.000000
112 0.000000
113 0.000000
114 0.000000
115 0.000000
116 0.000000
117 0.000000
118 0.000000
119 0.000000
120 0.000000
121 0.000000
122 0.000000
123 0.000000
124 0.000000
125 0.000000
126 0.000000
127 0.000000
128 0.000000
129 0.000000
130 0.000000
131 0.000000
132 0.000000
133 0.000000
134 0.000000
135 0.000000
136 0.000000
137 0.000000
138 0.000000
139 0.000000
140 0.000000
141 0.000000
142 0.000000
143 0.000000
144 0.000000
145 0.000000
146 0.000000
147 0.000000
148 0.000000
149 0.000000
150 0.000000
151 0.000000
152 0.000000
153 0.000000
154 0.000000
155 0.000000
156 0.000000
157 0.000000
158 0.000000
159 0.000000
160 0.000000
161 0.000000
162 0.000000
163 0.000000
164 0.000000
165 0.000000
166 0.000000
167 0.000000
168 0.000000
169 0.000000
170 0.000000
171 0.000000
172 0.000000
173 0.000000
174 0.000000
175 0.000000
176 0.000000
177 0.000000
178 0.000000
179 0.000000
180 0.000000
181 0.000000
182 0.000000
183 0.000000
184 0.000000
185 0.000000
186 0.000000
187 0.000000
188 0.000000
189 0.000000
190 0.000000
191 0.000000
192 0.000000
193 0.000000
194 0.000000
195 0.000000
196 0.000000
197 0.000000
198 0.000000
199 0.000000
200 0.000000
201 0.000000
202 0.000000
203 0.000000
204 0.000000
205 0.000000
206 0.000000
207 0.000000
208 0.000000
209 0.000000
210 0.000000
211 0.000000
212 0.000000
213 0.000000
214 0.000000
215 0.000000
216 0.000000
217 0.000000
218 0.000000
219 0.000000
220 0.000000
221 0.000000
222 0.000000
223 0.000000
224 0.000000
225 0.000000
226 0.000000
227 0.000000
228 0.000000
229 0.000000
230 0.000000
231 0.000000
232 0.000000
233 0.000000
234 0.000000
235 0.000000
236 0.000000
237 0.000000
238 0.000000
239 0.000000
240 0.000000
241 0.000000
242 0.000000
243 0.000000
244 0.000000
245 0.000000
246 0.000000
247 0.000000
248 0.000000
249 0.000000
250 0.000000
251 0.000000
252 0.000000
253 0.000000
254 0.000000
255 0.000000
256 0.000000
257 0.000000
258 0.000000
259 0.000000
260 0.000000
261 0.000000
262 0.000000
263 0.000000
264 0.000000
265 0.000000
266 0.000000
267 0.000000
268 0.000000
269 0.000000
270 0.000000
271 0.000000
272 0.000000
273 0.000000
274 0.000000
275 0.000000
276 0.000000
277 0.000000
278 0.000000
279 0.000000
280 0.000000
281 0.000000
282 0.000000
283 0.000000
284 0.000000
285 0.000000
286 0.000000
287 0.000000
288 0.000000
289 0.000000
290 0.000000
291 0.000000
292 0.000000
293 0.000000
294 0.000000
295 0.000000
296 0.000000
297 0.000000
298 0.000000
299 0.000000
300 0.000000
301 0.000000
302 0.000000
303 0.000000
304 0.000000
305 0.000000
306 0.000000
307 0.000000
308 0.000000
309 0.000000
310 0.000000
311 0.000000
312 0.000000
313 0.000000
314 0.000000
315 0.000000
316 0.000000
317 0.000000
318 0.000000
319 0.000000
320 0.000000
321 0.000000
322 0.000000
323 0.000000
324 0.000000
325 0.000000
326 0.000000
327 0.000001
328 0.000001
329 0.000001
330 0.000001
331 0.000001
332 0.000001
333 0.000001
334 0.000001
335 0.000001
336 0.000002
337 0.000002
338 0.000002
339 0.000002
340 0.000003
341 0.000003
342 0.000003
343 0.000004
344 0.000004
345 0.000005
346 0.000006
347 0.000006
348 0.000007
349 0.000008
350 0.000009
351 0.000010
352 0.000012
353 0.000013
354 0.000015
355 0.000016
356 0.000018
357 0.000021
358 0.000023
359 0.000026
360 0.000029
361 0.000033
362 0.000037
363 0.000041
364 0.000046
365 0.000051
366 0.000058
367 0.000065
368 0.000072
369 0.000081
370 0.000090
371 0.000101
372 0.000113
373 0.000126
374 0.000141
375 0.000157
376 0.000175
377 0.000195
378 0.000218
379 0.000243
380 0.000271
381 0.000302
382 0.000337
383 0.000375
384 0.000418
385 0.000465
386 0.000518
387 0.000576
388 0.000641
389 0.000713
390 0.000793
391 0.000882
392 0.000980
393 0.001090
394 0.001211
395 0.001345
396 0.001495
397 0.001660
398 0.001843
399 0.002047
400 0.002272
401 0.002522
402 0.002798
403 0.003105
404 0.003444
405 0.003821
406 0.004237
407 0.004699
408 0.005209
409 0.005775
410 0.006401
411 0.007095
412 0.007862
413 0.008711
414 0.009651
415 0.010692
416 0.011843
417 0.013117
418 0.014526
419 0.016085
420 0.017810
421 0.019718
422 0.021829
423 0.024164
424 0.026746
425 0.029602
426 0.032760
427 0.036253
428 0.040115
429 0.044386
430 0.049109
431 0.054331
432 0.060105
433 0.066489
434 0.073547
435 0.081350
436 0.089977
437 0.099514
438 0.110057
439 0.121712
440 0.134596
441 0.148838
442 0.164582
443 0.181984
444 0.201220
445 0.222482
446 0.245983
447 0.271960
448 0.300672
449 0.332407
450 0.367482
451 0.406250
452 0.449098
453 0.496455
454 0.548796
455 0.606644
456 0.670578
457 0.741239
458 0.819333
459 0.905643
460 1.001031
461 1.106452
462 1.222961
463 1.351724
464 1.494028
465 1.651298
466 1.825106
467 2.017192
468 2.229476
469 2.464083
470 2.723357
471 3.009894
472 3.326559
473 3.676519
474 4.063273
475 4.490691
476 4.963047
477 5.485064
478 6.061964
479 6.699515
480 7.404095
481 8.182748
482 9.043263
483 9.994243
484 11.045201
485 12.206645
486 13.490190
487 14.908673
488 16.476277
489 18.208680
490 20.123206
491 22.239000
492 24.577221
493 27.161250
494 30.016928
495 33.172813
496 35.660463
497 37.504755
498 38.724131
499 39.330786
500 39.330786
501 38.724131
502 37.504755
503 35.660463
504 33.172813
505 30.016928
506 27.161250
507 24.577221
508 22.239000
509 20.123206
510 18.208680
511 16.476277
512 14.908673
513 13.490190
514 12.206645
515 11.045201
516 9.994243
517 9.043263
518 8.182748
519 7.404095
520 6.699515
521 6.061964
522 5.485064
523 4.963047
524 4.490691
525 4.063273
526 3.676519
527 3.326559
528 3.009894
529 2.723357
530 2.464083
531 2.229476
532 2.017192
533 1.825106
534 1.651298
535 1.494028
536 1.351724
537 1.222961
538 1.106452
539 1.001031
540 0.905643
541 0.819333
542 0.741239
543 0.670578
544 0.606644
545 0.548796
546 0.496455
547 0.449098
548 0.406250
549 0.367482
550 0.332407
551 0.300672
552 0.271960
553 0.245983
554 0.222482
555 0.201220
556 0.181984
557 0.164582
558 0.148838
559 0.134596
560 0.121712
561 0.110057
562 0.099514
563 0.089977
564 0.081350
565 0.073547
566 0.066489
567 0.060105
568 0.054331
569 0.049109
570 0.044386
571 0.040115
572 0.036253
573 0.032760
574 0.029602
575 0.026746
576 0.024164
577 0.021829
578 0.019718
579 0.017810
580 0.016085
581 0.014526
582 0.013117
583 0.011843
584 0.010692
585 0.009651
586 0.008711
587 0.007862
588 0.007095
589 0.006401
590 0.005775
591 0.005209
592 0.004699
593 0.004237
594 0.003821
595 0.003444
596 0.003105
597 0.002798
598 0.002522
599 0.002272
600 0.002047
601 0.001843
602 0.001660
603 0.001495
604 0.001345
605 0.001211
606 0.001090
607 0.000980
608 0.000882
609 0.000793
610 0.000713
611 0.000641
612 0.000576
613 0.000518
614 0.000465
615 0.000418
616 0.000375
617 0.000337
618 0.000302
619 0.000271
620 0.000243
621 0.000218
622 0.000195
623 0.000175
624 0.000157
625 0.000141
626 0.000126
627 0.000113
628 0.000101
629 0.000090
630 0.000081
631 0.000072
632 0.000065
633 0.000058
634 0.000051
635 0.000046
636 0.000041
637 0.000037
638 0.000033
639 0.000029
640 0.000026
641 0.000023
642 0.000021
643 0.000018
644 0.000016
645 0.000015
646 0.000013
647 0.000012
648 0.000010
649 0.000009
650 0.000008
651 0.000007
652 0.000006
653 0.000006
654 0.000005
655 0.000004
656 0.000004
657 0.000003
658 0.000003
659 0.000003
660 0.000002
661 0.000002
662 0.000002
663 0.000002
664 0.000001
665 0.000001
666 0.000001
667 0.000001
668 0.000001
669 0.000001
670 0.000001
671 0.000001
672 0.000001
673 0.000000
674 0.000000
675 0.000000
676 0.000000
677 0.000000
678 0.000000
679 0.000000
680 0.000000
681 0.000000
682 0.000000
683 0.000000
684 0.000000
685 0.000000
686 0.000000
687 0.000000
688 0.000000
689 0.000000
690 0.000000
691 0.000000
692 0.000000
693 0.000000
694 0.000000
695 0.000000
696 0.000000
697 0.000000
698 0.000000
699 0.000000
700 0.000000
701 0.000000
702 0.000000
703 0.000000
704 0.000000
705 0.000000
706 0.000000
707 0.000000
708 0.000000
709 0.000000
710 0.000000
711 0.000000
712 0.000000
713 0.000000
714 0.000000
715 0.000000
716 0.000000
717 0.000000
718 0.000000
719 0.000000
720 0.000000
721 0.000000
722 0.000000
723 0.000000
724 0.000000
725 0.000000
726 0.000000
727 0.000000
728 0.000000
729 0.000000
730 0.000000
731 0.000000
732 0.000000
733 0.000000
734 0.000000
735 0.000000
736 0.000000
737 0.000000
738 0.000000
739 0.000000
740 0.000000
741 0.000000
742 0.000000
743 0.000000
744 0.000000
745 0.000000
746 0.000000
747 0.000000
748 0.000000
749 0.000000
750 0.000000
751 0.000000
752 0.000000
753 0.000000
754 0.000000
755 0.000000
756 0.000000
757 0.000000
758 0.000000
759 0.000000
760 0.000000
761 0.000000
762 0.000000
763 0.000000
764 0.000000
765 0.000000
766 0.000000
767 0.000000
768 0.000000
769 0.000000
770 0.000000
771 0.000000
772 0.000000
773 0.000000
774 0.000000
775 0.000000
776 0.000000
777 0.000000
778 0.000000
779 0.000000
780 0.000000
781 0.000000
782 0.000000
783 0.000000
784 0.000000
785 0.000000
786 0.000000
787 0.000000
788 0.000000
789 0.000000
790 0.000000
791 0.000000
792 0.000000
793 0.000000
794 0.000000
795 0.000000
796 0.000000
797 0.000000
798 0.000000
799 0.000000
800 0.000000
801 0.000000
802 0.000000
803 0.000000
804 0.000000
805 0.000000
806 0.000000
807 0.000000
808 0.000000
809 0.000000
810 0.000000
811 0.000000
812 0.000000
813 0.000000
814 0.000000
815 0.000000
816 0.000000
817 0.000000
818 0.000000
819 0.000000
820 0.000000
821 0.000000
822 0.000000
823 0.000000
824 0.000000
825 0.000000
826 0.000000
827 0.000000
828 0.000000
829 0.000000
830 0.000000
831 0.000000
832 0.000000
833 0.000000
834 0.000000
835 0.000000
836 0.000000
837 0.000000
838 0.000000
839 0.000000
840 0.000000
841 0.000000
842 0.000000
843 0.000000
844 0.000000
845 0.000000
846 0.000000
847 0.000000
848 0.000000
849 0.000000
850 0.000000
851 0.000000
852 0.000000
853 0.000000
854 0.000000
855 0.000000
856 0.000000
857 0.000000
858 0.000000
859 0.000000
860 0.000000
861 0.000000
862 0.000000
863 0.000000
864 0.000000
865 0.000000
866 0.000000
867 0.000000
868 0.000000
869 0.000000
870 0.000000
871 0.000000
872 0.000000
873 0.000000
874 0.000000
875 0.000000
876 0.000000
877 0.000000
878 0.000000
879 0.000000
880 0.000000
881 0.000000
882 0.000000
883 0.000000
884 0.000000
885 0.000000
886 0.000000
887 0.000000
888 0.000000
889 0.000000
890 0.000000
891 0.000000
892 0.000000
893 0.000000
894 0.000000
895 0.000000
896 0.000000
897 0.000000
898 0.000000
899 0.000000
900 0.000000
901 0.000000
902 0.000000
903 0.000000
904 0.000000
905 0.000000
906 0.000000
907 0.000000
908 0.000000
909 0.000000
910 0.000000
911 0.000000
912 0.000000
913 0.000000
914 0.000000
915 0.000000
916 0.000000
917 0.000000
918 0.000000
919 0.000000
920 0.000000
921 0.000000
922 0.000000
923 0.000000
924 0.000000
925 0.000000
926 0.000000
927 0.000000
928 0.000000
929 0.000000
930 0.000000
931 0.000000
932 0.000000
933 0.000000
934 0.000000
935 0.000000
936 0.000000
937 0.000000
938 0.000000
939 0.000000
940 0.000000
941 0.000000
942 0.000000
943 0.000000
944 0.000000
945 0.000000
946 0.000000
947 0.000000
948 0.000000
949 0.000000
950 0.000000
951 0.000000
952 0.000000
953 0.000000
954 0.000000
955 0.000000
956 0.000000
957 0.000000
958 0.000000
959 0.000000
960 0.000000
961 0.000000
962 0.000000
963 0.000000
964 0.000000
965 0.000000
966 0.000000
967 0.000000
968 0.000000
969 0.000000
970 0.000000
971 0.000000
972 0.000000
973 0.000000
974 0.000000
975 0.000000
976 0.000000
977 0.000000
978 0.000000
979 0.000000
980 0.000000
981 0.000000
982 0.000000
983 0.000000
984 0.000000
985 0.000000
986 0.000000
987 0.000000
988 0.000000
989 0.000000
990 0.000000
991 0.000000
992 0.000000
993 0.000000
994 0.000000
995 0.000000
996 0.000000
997 0.000000
998 0.000000
999 0.000000
