  0 1.000000
  1 0.943963
  2 0.912804
  3 0.888001
  4 0.866425
  5 0.846893
  6 0.828867
  7 0.812058
  8 0.796282
  9 0.781409
 10 0.767340
 11 0.753991
 12 0.741294
 13 0.729189
 14 0.717625
 15 0.706556
 16 0.695943
 17 0.685750
 18 0.675945
 19 0.666500
 20 0.657390
 21 0.648592
 22 0.640086
 23 0.631851
 24 0.623873
 25 0.616134
 26 0.608622
 27 0.601323
 28 0.594225
 29 0.587317
 30 0.580590
 31 0.574034
 32 0.567640
 33 0.561401
 34 0.555309
 35 0.549358
 36 0.543541
 37 0.537853
 38 0.532287
 39 0.526838
 40 0.521502
 41 0.516274
 42 0.511150
 43 0.506126
 44 0.501198
 45 0.496362
 46 0.491615
 47 0.486955
 48 0.482377
 49 0.477879
 50 0.473459
 51 0.469114
 52 0.464841
 53 0.460638
 54 0.456504
 55 0.452435
 56 0.448430
 57 0.444487
 58 0.440604
 59 0.436780
 60 0.433012
 61 0.429300
 62 0.425642
 63 0.422036
 64 0.418481
 65 0.414975
 66 0.411518
 67 0.408108
 68 0.404743
 69 0.401424
 70 0.398149
 71 0.394916
 72 0.391725
 73 0.388574
 74 0.385463
 75 0.382392
 76 0.379358
 77 0.376362
 78 0.373402
 79 0.370477
 80 0.367588
 81 0.364733
 82 0.361911
 83 0.359122
 84 0.356365
 85 0.353639
 86 0.350945
 87 0.348280
 88 0.345646
 89 0.343040
 90 0.340463
 91 0.337914
 92 0.335393
 93 0.332899
 94 0.330431
 95 0.327990
 96 0.325574
 97 0.323183
 98 0.320817
 99 0.318475
100 0.316157
101 0.313863
102 0.311592
103 0.309344
104 0.307118
105 0.304914
106 0.302732
107 0.300571
108 0.298431
109 0.296312
110 0.294214
111 0.292135
112 0.290076
113 0.288037
114 0.286016
115 0.284015
116 0.282032
117 0.280068
118 0.278122
119 0.276194
120 0.274283
121 0.272389
122 0.270513
123 0.268653
124 0.266811
125 0.264984
126 0.263174
127 0.261380
128 0.259601
129 0.257838
130 0.256091
131 0.254358
132 0.252641
133 0.250938
134 0.249250
135 0.247577
136 0.245917
137 0.244272
138 0.242640
139 0.241023
140 0.239418
141 0.237827
142 0.236250
143 0.234685
144 0.233134
145 0.231595
146 0.230068
147 0.228554
148 0.227053
149 0.225563
150 0.224086
151 0.222621
152 0.221167
153 0.219725
154 0.218294
155 0.216875
156 0.215467
157 0.214070
158 0.212684
159 0.211309
160 0.209945
161 0.208592
162 0.207249
163 0.205916
164 0.204594
165 0.203281
166 0.201979
167 0.200687
168 0.199405
169 0.198133
170 0.196870
171 0.195617
172 0.194374
173 0.193139
174 0.191914
175 0.190699
176 0.189492
177 0.188295
178 0.187106
179 0.185926
180 0.184755
181 0.183593
182 0.182439
183 0.181294
184 0.180157
185 0.179028
186 0.177908
187 0.176796
188 0.175692
189 0.174596
190 0.173508
191 0.172428
192 0.171355
193 0.170291
194 0.169234
195 0.168184
196 0.167142
197 0.166108
198 0.165081
199 0.164061
200 0.163049
201 0.162043
202 0.161045
203 0.160054
204 0.159070
205 0.158093
206 0.157122
207 0.156159
208 0.155202
209 0.154252
210 0.153309
211 0.152372
212 0.151441
213 0.150517
214 0.149600
215 0.148689
216 0.147784
217 0.146885
218 0.145993
219 0.145106
220 0.144226
221 0.143352
222 0.142483
223 0.141621
224 0.140765
225 0.139914
226 0.139069
227 0.138230
228 0.137397
229 0.136569
230 0.135747
231 0.134930
232 0.134119
233 0.133313
234 0.132513
235 0.131718
236 0.130928
237 0.130144
238 0.129365
239 0.128591
240 0.127822
241 0.127058
242 0.126300
243 0.125546
244 0.124798
245 0.124054
246 0.123315
247 0.122581
248 0.121852
249 0.121128
250 0.120409
251 0.119694
252 0.118984
253 0.118279
254 0.117578
255 0.116882
256 0.116190
257 0.115503
258 0.114820
259 0.114142
260 0.113468
261 0.112799
262 0.112133
263 0.111473
264 0.110816
265 0.110164
266 0.109516
267 0.108872
268 0.108232
269 0.107596
270 0.106965
271 0.106337
272 0.105714
273 0.105094
274 0.104478
275 0.103867
276 0.103259
277 0.102655
278 0.102055
279 0.101459
280 0.100866
281 0.100278
282 0.099693
283 0.099112
284 0.098534
285 0.097960
286 0.097390
287 0.096823
288 0.096260
289 0.095701
290 0.095145
291 0.094592
292 0.094043
293 0.093497
294 0.092955
295 0.092416
296 0.091881
297 0.091349
298 0.090820
299 0.090295
300 0.089773
301 0.089254
302 0.088738
303 0.088225
304 0.087716
305 0.087210
306 0.086707
307 0.086207
308 0.085710
309 0.085217
310 0.084726
311 0.084238
312 0.083754
313 0.083272
314 0.082794
315 0.082318
316 0.081845
317 0.081375
318 0.080908
319 0.080444
320 0.079983
321 0.079525
322 0.079069
323 0.078616
324 0.078166
325 0.077719
326 0.077274
327 0.076832
328 0.076393
329 0.075957
330 0.075523
331 0.075092
332 0.074663
333 0.074237
334 0.073814
335 0.073393
336 0.072975
337 0.072559
338 0.072146
339 0.071736
340 0.071327
341 0.070922
342 0.070518
343 0.070118
344 0.069719
345 0.069323
346 0.068930
347 0.068538
348 0.068149
349 0.067763
350 0.067379
351 0.066997
352 0.066617
353 0.066240
354 0.065865
355 0.065492
356 0.065121
357 0.064753
358 0.064387
359 0.064023
360 0.063661
361 0.063301
362 0.062944
363 0.062588
364 0.062235
365 0.061884
366 0.061535
367 0.061188
368 0.060843
369 0.060500
370 0.060159
371 0.059821
372 0.059484
373 0.059149
374 0.058816
375 0.058485
376 0.058157
377 0.057830
378 0.057505
379 0.057182
380 0.056860
381 0.056541
382 0.056224
383 0.055908
384 0.055595
385 0.055283
386 0.054973
387 0.054665
388 0.054358
389 0.054054
390 0.053751
391 0.053450
392 0.053151
393 0.052854
394 0.052558
395 0.052264
396 0.051972
397 0.051681
398 0.051393
399 0.051106
400 0.050820
401 0.050536
402 0.050254
403 0.049974
404 0.049695
405 0.049418
406 0.049142
407 0.048868
408 0.048596
409 0.048325
410 0.048056
411 0.047788
412 0.047522
413 0.047258
414 0.046995
415 0.046733
416 0.046473
417 0.046215
418 0.045958
419 0.045703
420 0.045449
421 0.045196
422 0.044945
423 0.044696
424 0.044448
425 0.044201
426 0.043956
427 0.043712
428 0.043469
429 0.043228
430 0.042989
431 0.042751
432 0.042514
433 0.042278
434 0.042044
435 0.041811
436 0.041580
437 0.041350
438 0.041121
439 0.040893
440 0.040667
441 0.040442
442 0.040219
443 0.039997
444 0.039776
445 0.039556
446 0.039337
447 0.039120
448 0.038904
449 0.038689
450 0.038476
451 0.038264
452 0.038053
453 0.037843
454 0.037634
455 0.037427
456 0.037220
457 0.037015
458 0.036811
459 0.036609
460 0.036407
461 0.036207
462 0.036007
463 0.035809
464 0.035612
465 0.035416
466 0.035221
467 0.035028
468 0.034835
469 0.034644
470 0.034453
471 0.034264
472 0.034076
473 0.033889
474 0.033703
475 0.033517
476 0.033333
477 0.033151
478 0.032969
479 0.032788
480 0.032608
481 0.032429
482 0.032251
483 0.032075
484 0.031899
485 0.031724
486 0.031550
487 0.031377
488 0.031205
489 0.031035
490 0.030865
491 0.030696
492 0.030528
493 0.030361
494 0.030195
495 0.030029
496 0.029865
497 0.029702
498 0.029540
499 0.029378
500 0.029218
501 0.029058
502 0.028899
503 0.028741
504 0.028584
505 0.028428
506 0.028273
507 0.028119
508 0.027965
509 0.027813
510 0.027661
511 0.027510
512 0.027360
513 0.027211
514 0.027063
515 0.026915
516 0.026768
517 0.026622
518 0.026477
519 0.026333
520 0.026190
521 0.026047
522 0.025905
523 0.025764
524 0.025624
525 0.025485
526 0.025346
527 0.025208
528 0.025071
529 0.024935
530 0.024799
531 0.024664
532 0.024530
533 0.024397
534 0.024264
535 0.024132
536 0.024001
537 0.023871
538 0.023741
539 0.023612
540 0.023484
541 0.023357
542 0.023230
543 0.023104
544 0.022979
545 0.022854
546 0.022730
547 0.022607
548 0.022484
549 0.022362
550 0.022241
551 0.022120
552 0.022001
553 0.021881
554 0.021763
555 0.021645
556 0.021528
557 0.021411
558 0.021295
559 0.021180
560 0.021065
561 0.020951
562 0.020838
563 0.020725
564 0.020613
565 0.020501
566 0.020391
567 0.020280
568 0.020171
569 0.020062
570 0.019953
571 0.019845
572 0.019738
573 0.019631
574 0.019525
575 0.019420
576 0.019315
577 0.019211
578 0.019107
579 0.019004
580 0.018901
581 0.018799
582 0.018698
583 0.018597
584 0.018496
585 0.018397
586 0.018297
587 0.018199
588 0.018101
589 0.018003
590 0.017906
591 0.017809
592 0.017713
593 0.017618
594 0.017523
595 0.017429
596 0.017335
597 0.017241
598 0.017149
599 0.017056
600 0.016964
601 0.016873
602 0.016782
603 0.016692
604 0.016602
605 0.016513
606 0.016424
607 0.016336
608 0.016248
609 0.016160
610 0.016073
611 0.015987
612 0.015901
613 0.015815
614 0.015730
615 0.015646
616 0.015562
617 0.015478
618 0.015395
619 0.015312
620 0.015230
621 0.015148
622 0.015067
623 0.014986
624 0.014906
625 0.014826
626 0.014746
627 0.014667
628 0.014588
629 0.014510
630 0.014432
631 0.014355
632 0.014278
633 0.014201
634 0.014125
635 0.014049
636 0.013974
637 0.013899
638 0.013824
639 0.013750
640 0.013677
641 0.013603
642 0.013530
643 0.013458
644 0.013386
645 0.013314
646 0.013243
647 0.013172
648 0.013101
649 0.013031
650 0.012962
651 0.012892
652 0.012823
653 0.012755
654 0.012686
655 0.012618
656 0.012551
657 0.012484
658 0.012417
659 0.012351
660 0.012285
661 0.012219
662 0.012154
663 0.012089
664 0.012024
665 0.011960
666 0.011896
667 0.011832
668 0.011769
669 0.011706
670 0.011644
671 0.011581
672 0.011520
673 0.011458
674 0.011397
675 0.011336
676 0.011275
677 0.011215
678 0.011155
679 0.011096
680 0.011037
681 0.010978
682 0.010919
683 0.010861
684 0.010803
685 0.010745
686 0.010688
687 0.010631
688 0.010574
689 0.010518
690 0.010462
691 0.010406
692 0.010351
693 0.010295
694 0.010241
695 0.010186
696 0.010132
697 0.010078
698 0.010024
699 0.009971
700 0.009918
701 0.009865
702 0.009812
703 0.009760
704 0.009708
705 0.009656
706 0.009605
707 0.009554
708 0.009503
709 0.009452
710 0.009402
711 0.009352
712 0.009302
713 0.009253
714 0.009204
715 0.009155
716 0.009106
717 0.009057
718 0.009009
719 0.008961
720 0.008914
721 0.008866
722 0.008819
723 0.008772
724 0.008726
725 0.008679
726 0.008633
727 0.008587
728 0.008542
729 0.008496
730 0.008451
731 0.008406
732 0.008362
733 0.008317
734 0.008273
735 0.008229
736 0.008185
737 0.008142
738 0.008099
739 0.008056
740 0.008013
741 0.007971
742 0.007928
743 0.007886
744 0.007844
745 0.007803
746 0.007761
747 0.007720
748 0.007679
749 0.007638
750 0.007598
751 0.007558
752 0.007518
753 0.007478
754 0.007438
755 0.007399
756 0.007359
757 0.007320
758 0.007282
759 0.007243
760 0.007205
761 0.007166
762 0.007129
763 0.007091
764 0.007053
765 0.007016
766 0.006979
767 0.006942
768 0.006905
769 0.006868
770 0.006832
771 0.006796
772 0.006760
773 0.006724
774 0.006688
775 0.006653
776 0.006618
777 0.006583
778 0.006548
779 0.006513
780 0.006479
781 0.006445
782 0.006411
783 0.006377
784 0.006343
785 0.006309
786 0.006276
787 0.006243
788 0.006210
789 0.006177
790 0.006144
791 0.006112
792 0.006080
793 0.006047
794 0.006015
795 0.005984
796 0.005952
797 0.005921
798 0.005889
799 0.005858
800 0.005827
801 0.005796
802 0.005766
803 0.005735
804 0.005705
805 0.005675
806 0.005645
807 0.005615
808 0.005586
809 0.005556
810 0.005527
811 0.005498
812 0.005468
813 0.005440
814 0.005411
815 0.005382
816 0.005354
817 0.005326
818 0.005298
819 0.005270
820 0.005242
821 0.005214
822 0.005187
823 0.005159
824 0.005132
825 0.005105
826 0.005078
827 0.005051
828 0.005025
829 0.004998
830 0.004972
831 0.004946
832 0.004920
833 0.004894
834 0.004868
835 0.004842
836 0.004817
837 0.004791
838 0.004766
839 0.004741
840 0.004716
841 0.004691
842 0.004666
843 0.004642
844 0.004617
845 0.004593
846 0.004569
847 0.004545
848 0.004521
849 0.004497
850 0.004473
851 0.004450
852 0.004426
853 0.004403
854 0.004380
855 0.004357
856 0.004334
857 0.004311
858 0.004288
859 0.004266
860 0.004243
861 0.004221
862 0.004199
863 0.004177
864 0.004155
865 0.004133
866 0.004111
867 0.004090
868 0.004068
869 0.004047
870 0.004025
871 0.004004
872 0.003983
873 0.003962
874 0.003941
875 0.003921
876 0.003900
877 0.003880
878 0.003859
879 0.003839
880 0.003819
881 0.003799
882 0.003779
883 0.003759
884 0.003739
885 0.003720
886 0.003700
887 0.003681
888 0.003661
889 0.003642
890 0.003623
891 0.003604
892 0.003585
893 0.003566
894 0.003547
895 0.003529
896 0.003510
897 0.003492
898 0.003473
899 0.003455
900 0.003437
901 0.003419
902 0.003401
903 0.003383
904 0.003365
905 0.003348
906 0.003330
907 0.003313
908 0.003295
909 0.003278
910 0.003261
911 0.003244
912 0.003227
913 0.003210
914 0.003193
915 0.003176
916 0.003160
917 0.003143
918 0.003127
919 0.003110
920 0.003094
921 0.003078
922 0.003062
923 0.003045
924 0.003030
925 0.003014
926 0.002998
927 0.002982
928 0.002966
929 0.002951
930 0.002935
931 0.002920
932 0.002905
933 0.002890
934 0.002874
935 0.002859
936 0.002844
937 0.002830
938 0.002815
939 0.002800
940 0.002785
941 0.002771
942 0.002756
943 0.002742
944 0.002727
945 0.002713
946 0.002699
947 0.002685
948 0.002671
949 0.002657
950 0.002643
951 0.002629
952 0.002615
953 0.002602
954 0.002588
955 0.002574
956 0.002561
957 0.002548
958 0.002534
959 0.002521
960 0.002508
961 0.002495
962 0.002482
963 0.002469
964 0.002456
965 0.002443
966 0.002430
967 0.002417
968 0.002405
969 0.002392
970 0.002380
971 0.002367
972 0.002355
973 0.002342
974 0.002330
975 0.002318
976 0.002306
977 0.002294
978 0.002282
979 0.002270
980 0.002258
981 0.002246
982 0.002235
983 0.002223
984 0.002211
985 0.002200
986 0.002188
987 0.002177
988 0.002165
989 0.002154
990 0.002143
991 0.002132
992 0.002120
993 0.002109
994 0.002098
995 0.002087
996 0.002077
997 0.002066
998 0.002055
999 0.002044
1000 0.002033
1001 0.002023
1002 0.002012
1003 0.002002
1004 0.001991
1005 0.001981
1006 0.001971
1007 0.001960
1008 0.001950
1009 0.001940
1010 0.001930
1011 0.001920
1012 0.001910
1013 0.001900
1014 0.001890
1015 0.001880
1016 0.001870
1017 0.001860
1018 0.001851
1019 0.001841
1020 0.001831
1021 0.001822
1022 0.001812
1023 0.001803
1024 0.001794
1025 0.001784
1026 0.001775
1027 0.001766
1028 0.001756
1029 0.001747
1030 0.001738
1031 0.001729
1032 0.001720
1033 0.001711
1034 0.001702
1035 0.001693
1036 0.001684
1037 0.001676
1038 0.001667
1039 0.001658
1040 0.001650
1041 0.001641
1042 0.001632
1043 0.001624
1044 0.001615
1045 0.001607
1046 0.001599
1047 0.001590
1048 0.001582
1049 0.001574
1050 0.001566
1051 0.001557
1052 0.001549
1053 0.001541
1054 0.001533
1055 0.001525
1056 0.001517
1057 0.001509
1058 0.001502
1059 0.001494
1060 0.001486
1061 0.001478
1062 0.001471
1063 0.001463
1064 0.001455
1065 0.001448
1066 0.001440
1067 0.001433
1068 0.001425
1069 0.001418
1070 0.001410
1071 0.001403
1072 0.001396
1073 0.001388
1074 0.001381
1075 0.001374
1076 0.001367
1077 0.001360
1078 0.001353
1079 0.001346
1080 0.001339
1081 0.001332
1082 0.001325
1083 0.001318
1084 0.001311
1085 0.001304
1086 0.001297
1087 0.001291
1088 0.001284
1089 0.001277
1090 0.001271
1091 0.001264
1092 0.001257
1093 0.001251
1094 0.001244
1095 0.001238
1096 0.001231
1097 0.001225
1098 0.001219
1099 0.001212
1100 0.001206
1101 0.001200
1102 0.001194
1103 0.001187
1104 0.001181
1105 0.001175
1106 0.001169
1107 0.001163
1108 0.001157
1109 0.001151
1110 0.001145
1111 0.001139
1112 0.001133
1113 0.001127
1114 0.001121
1115 0.001115
1116 0.001110
1117 0.001104
1118 0.001098
1119 0.001092
1120 0.001087
1121 0.001081
1122 0.001075
1123 0.001070
1124 0.001064
1125 0.001059
1126 0.001053
1127 0.001048
1128 0.001042
1129 0.001037
1130 0.001032
1131 0.001026
1132 0.001021
1133 0.001016
1134 0.001010
1135 0.001005
1136 0.001000
1137 0.000995
1138 0.000989
1139 0.000984
1140 0.000979
1141 0.000974
1142 0.000969
1143 0.000964
1144 0.000959
1145 0.000954
1146 0.000949
1147 0.000944
1148 0.000939
1149 0.000934
1150 0.000930
1151 0.000925
1152 0.000920
1153 0.000915
1154 0.000910
1155 0.000906
1156 0.000901
1157 0.000896
1158 0.000892
1159 0.000887
1160 0.000882
1161 0.000878
1162 0.000873
1163 0.000869
1164 0.000864
1165 0.000860
1166 0.000855
1167 0.000851
1168 0.000846
1169 0.000842
1170 0.000838
1171 0.000833
1172 0.000829
1173 0.000825
1174 0.000820
1175 0.000816
1176 0.000812
1177 0.000808
1178 0.000804
1179 0.000799
1180 0.000795
1181 0.000791
1182 0.000787
1183 0.000783
1184 0.000779
1185 0.000775
1186 0.000771
1187 0.000767
1188 0.000763
1189 0.000759
1190 0.000755
1191 0.000751
1192 0.000747
1193 0.000743
1194 0.000739
1195 0.000736
1196 0.000732
1197 0.000728
1198 0.000724
1199 0.000721
1200 0.000717
1201 0.000713
1202 0.000709
1203 0.000706
1204 0.000702
1205 0.000698
1206 0.000695
1207 0.000691
1208 0.000688
1209 0.000684
1210 0.000680
1211 0.000677
1212 0.000673
1213 0.000670
1214 0.000667
1215 0.000663
1216 0.000660
1217 0.000656
1218 0.000653
1219 0.000649
1220 0.000646
1221 0.000643
1222 0.000639
1223 0.000636
1224 0.000633
1225 0.000630
1226 0.000626
1227 0.000623
1228 0.000620
1229 0.000617
1230 0.000613
1231 0.000610
1232 0.000607
1233 0.000604
1234 0.000601
1235 0.000598
1236 0.000595
1237 0.000592
1238 0.000588
1239 0.000585
1240 0.000582
1241 0.000579
1242 0.000576
1243 0.000573
1244 0.000570
1245 0.000567
1246 0.000565
1247 0.000562
1248 0.000559
1249 0.000556
1250 0.000553
1251 0.000550
1252 0.000547
1253 0.000544
1254 0.000542
1255 0.000539
1256 0.000536
1257 0.000533
1258 0.000530
1259 0.000528
1260 0.000525
1261 0.000522
1262 0.000520
1263 0.000517
1264 0.000514
1265 0.000512
1266 0.000509
1267 0.000506
1268 0.000504
1269 0.000501
1270 0.000498
1271 0.000496
1272 0.000493
1273 0.000491
1274 0.000488
1275 0.000486
1276 0.000483
1277 0.000481
1278 0.000478
1279 0.000476
1280 0.000473
1281 0.000471
1282 0.000468
1283 0.000466
1284 0.000464
1285 0.000461
1286 0.000459
1287 0.000456
1288 0.000454
1289 0.000452
1290 0.000449
1291 0.000447
1292 0.000445
1293 0.000442
1294 0.000440
1295 0.000438
1296 0.000436
1297 0.000433
1298 0.000431
1299 0.000429
1300 0.000427
1301 0.000425
1302 0.000422
1303 0.000420
1304 0.000418
1305 0.000416
1306 0.000414
1307 0.000412
1308 0.000409
1309 0.000407
1310 0.000405
1311 0.000403
1312 0.000401
1313 0.000399
1314 0.000397
1315 0.000395
1316 0.000393
1317 0.000391
1318 0.000389
1319 0.000387
1320 0.000385
1321 0.000383
1322 0.000381
1323 0.000379
1324 0.000377
1325 0.000375
1326 0.000373
1327 0.000371
1328 0.000369
1329 0.000367
1330 0.000365
1331 0.000363
1332 0.000362
1333 0.000360
1334 0.000358
1335 0.000356
1336 0.000354
1337 0.000352
1338 0.000351
1339 0.000349
1340 0.000347
1341 0.000345
1342 0.000343
1343 0.000342
1344 0.000340
1345 0.000338
1346 0.000336
1347 0.000335
1348 0.000333
1349 0.000331
1350 0.000329
1351 0.000328
1352 0.000326
1353 0.000324
1354 0.000323
1355 0.000321
1356 0.000319
1357 0.000318
1358 0.000316
1359 0.000314
1360 0.000313
1361 0.000311
1362 0.000310
1363 0.000308
1364 0.000306
1365 0.000305
1366 0.000303
1367 0.000302
1368 0.000300
1369 0.000299
1370 0.000297
1371 0.000296
1372 0.000294
1373 0.000293
1374 0.000291
1375 0.000289
1376 0.000288
1377 0.000287
1378 0.000285
1379 0.000284
1380 0.000282
1381 0.000281
1382 0.000279
1383 0.000278
1384 0.000276
1385 0.000275
1386 0.000273
1387 0.000272
1388 0.000271
1389 0.000269
1390 0.000268
1391 0.000267
1392 0.000265
1393 0.000264
1394 0.000262
1395 0.000261
1396 0.000260
1397 0.000258
1398 0.000257
1399 0.000256
1400 0.000254
1401 0.000253
1402 0.000252
1403 0.000251
1404 0.000249
1405 0.000248
1406 0.000247
1407 0.000245
1408 0.000244
1409 0.000243
1410 0.000242
1411 0.000240
1412 0.000239
1413 0.000238
1414 0.000237
1415 0.000235
1416 0.000234
1417 0.000233
1418 0.000232
1419 0.000231
1420 0.000229
1421 0.000228
1422 0.000227
1423 0.000226
1424 0.000225
1425 0.000224
1426 0.000222
1427 0.000221
1428 0.000220
1429 0.000219
1430 0.000218
1431 0.000217
1432 0.000216
1433 0.000215
1434 0.000213
1435 0.000212
1436 0.000211
1437 0.000210
1438 0.000209
1439 0.000208
1440 0.000207
1441 0.000206
1442 0.000205
1443 0.000204
1444 0.000203
1445 0.000202
1446 0.000201
1447 0.000200
1448 0.000199
1449 0.000198
1450 0.000197
1451 0.000196
1452 0.000195
1453 0.000194
1454 0.000193
1455 0.000192
1456 0.000191
1457 0.000190
1458 0.000189
1459 0.000188
1460 0.000187
1461 0.000186
1462 0.000185
1463 0.000184
1464 0.000183
1465 0.000182
1466 0.000181
1467 0.000180
1468 0.000179
1469 0.000178
1470 0.000177
1471 0.000176
1472 0.000175
1473 0.000175
1474 0.000174
1475 0.000173
1476 0.000172
1477 0.000171
1478 0.000170
1479 0.000169
1480 0.000168
1481 0.000168
1482 0.000167
1483 0.000166
1484 0.000165
1485 0.000164
1486 0.000163
1487 0.000162
1488 0.000162
1489 0.000161
1490 0.000160
1491 0.000159
1492 0.000158
1493 0.000157
1494 0.000157
1495 0.000156
1496 0.000155
1497 0.000154
1498 0.000153
1499 0.000153
1500 0.000152
1501 0.000151
1502 0.000150
1503 0.000150
1504 0.000149
1505 0.000148
1506 0.000147
1507 0.000146
1508 0.000146
1509 0.000145
1510 0.000144
1511 0.000144
1512 0.000143
1513 0.000142
1514 0.000141
1515 0.000141
1516 0.000140
1517 0.000139
1518 0.000138
1519 0.000138
1520 0.000137
1521 0.000136
1522 0.000136
1523 0.000135
1524 0.000134
1525 0.000134
1526 0.000133
1527 0.000132
1528 0.000131
1529 0.000131
1530 0.000130
1531 0.000129
1532 0.000129
1533 0.000128
1534 0.000127
1535 0.000127
1536 0.000126
1537 0.000126
1538 0.000125
1539 0.000124
1540 0.000124
1541 0.000123
1542 0.000122
1543 0.000122
1544 0.000121
1545 0.000120
1546 0.000120
1547 0.000119
1548 0.000119
1549 0.000118
1550 0.000117
1551 0.000117
1552 0.000116
1553 0.000116
1554 0.000115
1555 0.000114
1556 0.000114
1557 0.000113
1558 0.000113
1559 0.000112
1560 0.000112
1561 0.000111
1562 0.000110
1563 0.000110
1564 0.000109
1565 0.000109
1566 0.000108
1567 0.000108
1568 0.000107
1569 0.000106
1570 0.000106
1571 0.000105
1572 0.000105
1573 0.000104
1574 0.000104
1575 0.000103
1576 0.000103
1577 0.000102
1578 0.000102
1579 0.000101
1580 0.000101
1581 0.000100
1582 0.000100
