  0 1.000000
  1 0.970391
  2 0.953193
  3 0.940099
  4 0.928961
  5 0.919007
  6 0.909871
  7 0.901347
  8 0.893303
  9 0.885652
 10 0.878329
 11 0.871287
 12 0.864490
 13 0.857909
 14 0.851523
 15 0.845314
 16 0.839267
 17 0.833369
 18 0.827611
 19 0.821984
 20 0.816480
 21 0.811093
 22 0.805817
 23 0.800646
 24 0.795576
 25 0.790603
 26 0.785723
 27 0.780932
 28 0.776227
 29 0.771605
 30 0.767063
 31 0.762598
 32 0.758208
 33 0.753889
 34 0.749641
 35 0.745460
 36 0.741345
 37 0.737294
 38 0.733304
 39 0.729375
 40 0.725503
 41 0.721688
 42 0.717929
 43 0.714222
 44 0.710568
 45 0.706964
 46 0.703409
 47 0.699902
 48 0.696442
 49 0.693028
 50 0.689658
 51 0.686331
 52 0.683046
 53 0.679802
 54 0.676598
 55 0.673434
 56 0.670307
 57 0.667218
 58 0.664166
 59 0.661149
 60 0.658167
 61 0.655218
 62 0.652303
 63 0.649421
 64 0.646570
 65 0.643751
 66 0.640961
 67 0.638202
 68 0.635472
 69 0.632770
 70 0.630096
 71 0.627450
 72 0.624830
 73 0.622237
 74 0.619670
 75 0.617127
 76 0.614610
 77 0.612117
 78 0.609647
 79 0.607201
 80 0.604778
 81 0.602378
 82 0.599999
 83 0.597642
 84 0.595307
 85 0.592992
 86 0.590698
 87 0.588424
 88 0.586170
 89 0.583935
 90 0.581720
 91 0.579523
 92 0.577345
 93 0.575185
 94 0.573043
 95 0.570919
 96 0.568811
 97 0.566721
 98 0.564648
 99 0.562591
100 0.560550
101 0.558525
102 0.556516
103 0.554523
104 0.552544
105 0.550581
106 0.548632
107 0.546698
108 0.544779
109 0.542873
110 0.540982
111 0.539104
112 0.537239
113 0.535388
114 0.533551
115 0.531726
116 0.529913
117 0.528114
118 0.526327
119 0.524552
120 0.522789
121 0.521038
122 0.519299
123 0.517572
124 0.515856
125 0.514151
126 0.512458
127 0.510775
128 0.509104
129 0.507443
130 0.505793
131 0.504153
132 0.502524
133 0.500904
134 0.499295
135 0.497696
136 0.496107
137 0.494527
138 0.492957
139 0.491397
140 0.489846
141 0.488304
142 0.486771
143 0.485248
144 0.483733
145 0.482228
146 0.480731
147 0.479242
148 0.477762
149 0.476291
150 0.474828
151 0.473374
152 0.471927
153 0.470489
154 0.469058
155 0.467636
156 0.466221
157 0.464815
158 0.463415
159 0.462024
160 0.460640
161 0.459263
162 0.457894
163 0.456532
164 0.455177
165 0.453830
166 0.452489
167 0.451156
168 0.449829
169 0.448509
170 0.447196
171 0.445890
172 0.444591
173 0.443298
174 0.442011
175 0.440731
176 0.439458
177 0.438191
178 0.436930
179 0.435675
180 0.434427
181 0.433184
182 0.431948
183 0.430718
184 0.429493
185 0.428275
186 0.427062
187 0.425856
188 0.424654
189 0.423459
190 0.422269
191 0.421085
192 0.419907
193 0.418733
194 0.417566
195 0.416404
196 0.415247
197 0.414095
198 0.412949
199 0.411808
200 0.410672
201 0.409541
202 0.408415
203 0.407294
204 0.406179
205 0.405068
206 0.403962
207 0.402861
208 0.401765
209 0.400674
210 0.399588
211 0.398506
212 0.397429
213 0.396356
214 0.395289
215 0.394225
216 0.393167
217 0.392113
218 0.391063
219 0.390018
220 0.388977
221 0.387940
222 0.386908
223 0.385881
224 0.384857
225 0.383838
226 0.382823
227 0.381812
228 0.380805
229 0.379803
230 0.378804
231 0.377810
232 0.376820
233 0.375833
234 0.374851
235 0.373872
236 0.372898
237 0.371927
238 0.370961
239 0.369998
240 0.369039
241 0.368083
242 0.367132
243 0.366184
244 0.365240
245 0.364299
246 0.363362
247 0.362429
248 0.361500
249 0.360574
250 0.359651
251 0.358733
252 0.357817
253 0.356905
254 0.355997
255 0.355092
256 0.354191
257 0.353292
258 0.352398
259 0.351506
260 0.350618
261 0.349734
262 0.348852
263 0.347974
264 0.347099
265 0.346227
266 0.345359
267 0.344493
268 0.343631
269 0.342772
270 0.341916
271 0.341064
272 0.340214
273 0.339367
274 0.338524
275 0.337683
276 0.336846
277 0.336011
278 0.335180
279 0.334351
280 0.333526
281 0.332703
282 0.331883
283 0.331067
284 0.330253
285 0.329441
286 0.328633
287 0.327828
288 0.327025
289 0.326225
290 0.325428
291 0.324634
292 0.323842
293 0.323053
294 0.322267
295 0.321484
296 0.320703
297 0.319925
298 0.319150
299 0.318377
300 0.317607
301 0.316839
302 0.316074
303 0.315312
304 0.314552
305 0.313795
306 0.313040
307 0.312288
308 0.311538
309 0.310791
310 0.310046
311 0.309304
312 0.308564
313 0.307827
314 0.307092
315 0.306359
316 0.305629
317 0.304901
318 0.304176
319 0.303453
320 0.302733
321 0.302014
322 0.301298
323 0.300585
324 0.299873
325 0.299164
326 0.298458
327 0.297753
328 0.297051
329 0.296351
330 0.295653
331 0.294958
332 0.294265
333 0.293574
334 0.292885
335 0.292198
336 0.291514
337 0.290831
338 0.290151
339 0.289473
340 0.288797
341 0.288123
342 0.287451
343 0.286782
344 0.286114
345 0.285449
346 0.284785
347 0.284124
348 0.283465
349 0.282807
350 0.282152
351 0.281499
352 0.280848
353 0.280198
354 0.279551
355 0.278906
356 0.278263
357 0.277621
358 0.276982
359 0.276345
360 0.275709
361 0.275075
362 0.274444
363 0.273814
364 0.273186
365 0.272560
366 0.271936
367 0.271314
368 0.270694
369 0.270075
370 0.269458
371 0.268844
372 0.268231
373 0.267619
374 0.267010
375 0.266403
376 0.265797
377 0.265193
378 0.264591
379 0.263990
380 0.263392
381 0.262795
382 0.262200
383 0.261606
384 0.261014
385 0.260424
386 0.259836
387 0.259250
388 0.258665
389 0.258082
390 0.257500
391 0.256921
392 0.256343
393 0.255766
394 0.255191
395 0.254618
396 0.254047
397 0.253477
398 0.252909
399 0.252342
400 0.251777
401 0.251214
402 0.250652
403 0.250092
404 0.249534
405 0.248977
406 0.248421
407 0.247868
408 0.247315
409 0.246765
410 0.246216
411 0.245668
412 0.245122
413 0.244578
414 0.244035
415 0.243493
416 0.242953
417 0.242415
418 0.241878
419 0.241342
420 0.240809
421 0.240276
422 0.239745
423 0.239216
424 0.238688
425 0.238161
426 0.237636
427 0.237112
428 0.236590
429 0.236069
430 0.235550
431 0.235032
432 0.234515
433 0.234000
434 0.233486
435 0.232974
436 0.232463
437 0.231954
438 0.231446
439 0.230939
440 0.230434
441 0.229930
442 0.229427
443 0.228926
444 0.228426
445 0.227927
446 0.227430
447 0.226934
448 0.226440
449 0.225946
450 0.225455
451 0.224964
452 0.224475
453 0.223987
454 0.223500
455 0.223015
456 0.222531
457 0.222048
458 0.221567
459 0.221086
460 0.220607
461 0.220130
462 0.219653
463 0.219178
464 0.218704
465 0.218232
466 0.217761
467 0.217290
468 0.216822
469 0.216354
470 0.215887
471 0.215422
472 0.214958
473 0.214496
474 0.214034
475 0.213574
476 0.213115
477 0.212657
478 0.212200
479 0.211744
480 0.211290
481 0.210837
482 0.210385
483 0.209934
484 0.209484
485 0.209036
486 0.208589
487 0.208142
488 0.207697
489 0.207253
490 0.206811
491 0.206369
492 0.205929
493 0.205489
494 0.205051
495 0.204614
496 0.204178
497 0.203743
498 0.203310
499 0.202877
500 0.202445
501 0.202015
502 0.201586
503 0.201157
504 0.200730
505 0.200304
506 0.199879
507 0.199455
508 0.199033
509 0.198611
510 0.198190
511 0.197771
512 0.197352
513 0.196934
514 0.196518
515 0.196103
516 0.195688
517 0.195275
518 0.194863
519 0.194451
520 0.194041
521 0.193632
522 0.193224
523 0.192817
524 0.192411
525 0.192006
526 0.191602
527 0.191198
528 0.190796
529 0.190395
530 0.189995
531 0.189596
532 0.189198
533 0.188801
534 0.188405
535 0.188010
536 0.187616
537 0.187222
538 0.186830
539 0.186439
540 0.186049
541 0.185659
542 0.185271
543 0.184884
544 0.184497
545 0.184112
546 0.183727
547 0.183343
548 0.182961
549 0.182579
550 0.182198
551 0.181818
552 0.181439
553 0.181061
554 0.180684
555 0.180308
556 0.179933
557 0.179559
558 0.179185
559 0.178813
560 0.178441
561 0.178070
562 0.177701
563 0.177332
564 0.176964
565 0.176596
566 0.176230
567 0.175865
568 0.175500
569 0.175137
570 0.174774
571 0.174412
572 0.174051
573 0.173691
574 0.173332
575 0.172973
576 0.172616
577 0.172259
578 0.171904
579 0.171549
580 0.171194
581 0.170841
582 0.170489
583 0.170137
584 0.169787
585 0.169437
586 0.169088
587 0.168739
588 0.168392
589 0.168045
590 0.167700
591 0.167355
592 0.167011
593 0.166667
594 0.166325
595 0.165983
596 0.165642
597 0.165302
598 0.164963
599 0.164625
600 0.164287
601 0.163950
602 0.163614
603 0.163279
604 0.162944
605 0.162611
606 0.162278
607 0.161946
608 0.161614
609 0.161284
610 0.160954
611 0.160625
612 0.160297
613 0.159969
614 0.159643
615 0.159317
616 0.158992
617 0.158667
618 0.158344
619 0.158021
620 0.157699
621 0.157377
622 0.157057
623 0.156737
624 0.156418
625 0.156099
626 0.155782
627 0.155465
628 0.155148
629 0.154833
630 0.154518
631 0.154204
632 0.153891
633 0.153578
634 0.153267
635 0.152956
636 0.152645
637 0.152336
638 0.152027
639 0.151718
640 0.151411
641 0.151104
642 0.150798
643 0.150493
644 0.150188
645 0.149884
646 0.149581
647 0.149278
648 0.148976
649 0.148675
650 0.148374
651 0.148074
652 0.147775
653 0.147477
654 0.147179
655 0.146882
656 0.146586
657 0.146290
658 0.145995
659 0.145700
660 0.145407
661 0.145114
662 0.144821
663 0.144529
664 0.144238
665 0.143948
666 0.143658
667 0.143369
668 0.143081
669 0.142793
670 0.142506
671 0.142219
672 0.141934
673 0.141648
674 0.141364
675 0.141080
676 0.140797
677 0.140514
678 0.140232
679 0.139951
680 0.139670
681 0.139390
682 0.139111
683 0.138832
684 0.138554
685 0.138276
686 0.137999
687 0.137723
688 0.137447
689 0.137172
690 0.136898
691 0.136624
692 0.136351
693 0.136078
694 0.135806
695 0.135535
696 0.135264
697 0.134994
698 0.134724
699 0.134455
700 0.134187
701 0.133919
702 0.133652
703 0.133386
704 0.133120
705 0.132854
706 0.132589
707 0.132325
708 0.132062
709 0.131799
710 0.131536
711 0.131274
712 0.131013
713 0.130752
714 0.130492
715 0.130233
716 0.129974
717 0.129715
718 0.129458
719 0.129200
720 0.128944
721 0.128688
722 0.128432
723 0.128177
724 0.127923
725 0.127669
726 0.127416
727 0.127163
728 0.126911
729 0.126659
730 0.126408
731 0.126157
732 0.125908
733 0.125658
734 0.125409
735 0.125161
736 0.124913
737 0.124666
738 0.124419
739 0.124173
740 0.123928
741 0.123682
742 0.123438
743 0.123194
744 0.122951
745 0.122708
746 0.122465
747 0.122223
748 0.121982
749 0.121741
750 0.121501
751 0.121261
752 0.121022
753 0.120783
754 0.120545
755 0.120307
756 0.120070
757 0.119834
758 0.119598
759 0.119362
760 0.119127
761 0.118892
762 0.118658
763 0.118425
764 0.118192
765 0.117959
766 0.117727
767 0.117495
768 0.117264
769 0.117034
770 0.116804
771 0.116574
772 0.116345
773 0.116117
774 0.115889
775 0.115661
776 0.115434
777 0.115208
778 0.114981
779 0.114756
780 0.114531
781 0.114306
782 0.114082
783 0.113858
784 0.113635
785 0.113412
786 0.113190
787 0.112969
788 0.112747
789 0.112526
790 0.112306
791 0.112086
792 0.111867
793 0.111648
794 0.111430
795 0.111212
796 0.110994
797 0.110777
798 0.110561
799 0.110345
800 0.110129
801 0.109914
802 0.109699
803 0.109485
804 0.109271
805 0.109058
806 0.108845
807 0.108632
808 0.108420
809 0.108209
810 0.107998
811 0.107787
812 0.107577
813 0.107367
814 0.107158
815 0.106949
816 0.106741
817 0.106533
818 0.106325
819 0.106118
820 0.105912
821 0.105706
822 0.105500
823 0.105295
824 0.105090
825 0.104885
826 0.104681
827 0.104478
828 0.104275
829 0.104072
830 0.103870
831 0.103668
832 0.103467
833 0.103266
834 0.103065
835 0.102865
836 0.102665
837 0.102466
838 0.102267
839 0.102069
840 0.101871
841 0.101673
842 0.101476
843 0.101279
844 0.101083
845 0.100887
846 0.100691
847 0.100496
848 0.100301
849 0.100107
850 0.099913
851 0.099720
852 0.099527
853 0.099334
854 0.099142
855 0.098950
856 0.098758
857 0.098567
858 0.098377
859 0.098186
860 0.097996
861 0.097807
862 0.097618
863 0.097429
864 0.097241
865 0.097053
866 0.096866
867 0.096679
868 0.096492
869 0.096306
870 0.096120
871 0.095934
872 0.095749
873 0.095564
874 0.095380
875 0.095196
876 0.095012
877 0.094829
878 0.094646
879 0.094464
880 0.094282
881 0.094100
882 0.093919
883 0.093738
884 0.093557
885 0.093377
886 0.093197
887 0.093018
888 0.092839
889 0.092660
890 0.092482
891 0.092304
892 0.092126
893 0.091949
894 0.091772
895 0.091596
896 0.091420
897 0.091244
898 0.091069
899 0.090894
900 0.090719
901 0.090545
902 0.090371
903 0.090197
904 0.090024
905 0.089851
906 0.089679
907 0.089507
908 0.089335
909 0.089163
910 0.088992
911 0.088822
912 0.088651
913 0.088481
914 0.088312
915 0.088142
916 0.087973
917 0.087805
918 0.087636
919 0.087469
920 0.087301
921 0.087134
922 0.086967
923 0.086800
924 0.086634
925 0.086468
926 0.086303
927 0.086138
928 0.085973
929 0.085808
930 0.085644
931 0.085480
932 0.085317
933 0.085154
934 0.084991
935 0.084829
936 0.084666
937 0.084505
938 0.084343
939 0.084182
940 0.084021
941 0.083861
942 0.083701
943 0.083541
944 0.083381
945 0.083222
946 0.083063
947 0.082905
948 0.082747
949 0.082589
950 0.082431
951 0.082274
952 0.082117
953 0.081960
954 0.081804
955 0.081648
956 0.081493
957 0.081337
958 0.081182
959 0.081028
960 0.080873
961 0.080719
962 0.080566
963 0.080412
964 0.080259
965 0.080106
966 0.079954
967 0.079802
968 0.079650
969 0.079498
970 0.079347
971 0.079196
972 0.079045
973 0.078895
974 0.078745
975 0.078595
976 0.078446
977 0.078297
978 0.078148
979 0.078000
980 0.077851
981 0.077704
982 0.077556
983 0.077409
984 0.077262
985 0.077115
986 0.076969
987 0.076822
988 0.076677
989 0.076531
990 0.076386
991 0.076241
992 0.076096
993 0.075952
994 0.075808
995 0.075664
996 0.075521
997 0.075378
998 0.075235
999 0.075092
1000 0.074950
1001 0.074808
1002 0.074666
1003 0.074525
1004 0.074383
1005 0.074243
1006 0.074102
1007 0.073962
1008 0.073822
1009 0.073682
1010 0.073542
1011 0.073403
1012 0.073264
1013 0.073126
1014 0.072987
1015 0.072849
1016 0.072712
1017 0.072574
1018 0.072437
1019 0.072300
1020 0.072163
1021 0.072027
1022 0.071891
1023 0.071755
1024 0.071619
1025 0.071484
1026 0.071349
1027 0.071214
1028 0.071080
1029 0.070945
1030 0.070811
1031 0.070678
1032 0.070544
1033 0.070411
1034 0.070278
1035 0.070146
1036 0.070013
1037 0.069881
1038 0.069749
1039 0.069618
1040 0.069487
1041 0.069356
1042 0.069225
1043 0.069094
1044 0.068964
1045 0.068834
1046 0.068704
1047 0.068575
1048 0.068446
1049 0.068317
1050 0.068188
1051 0.068060
1052 0.067931
1053 0.067803
1054 0.067676
1055 0.067548
1056 0.067421
1057 0.067294
1058 0.067168
1059 0.067041
1060 0.066915
1061 0.066789
1062 0.066664
1063 0.066538
1064 0.066413
1065 0.066288
1066 0.066164
1067 0.066039
1068 0.065915
1069 0.065791
1070 0.065667
1071 0.065544
1072 0.065421
1073 0.065298
1074 0.065175
1075 0.065053
1076 0.064931
1077 0.064809
1078 0.064687
1079 0.064566
1080 0.064444
1081 0.064323
1082 0.064203
1083 0.064082
1084 0.063962
1085 0.063842
1086 0.063722
1087 0.063603
1088 0.063483
1089 0.063364
1090 0.063245
1091 0.063127
1092 0.063008
1093 0.062890
1094 0.062772
1095 0.062655
1096 0.062537
1097 0.062420
1098 0.062303
1099 0.062186
1100 0.062070
1101 0.061954
1102 0.061838
1103 0.061722
1104 0.061606
1105 0.061491
1106 0.061376
1107 0.061261
1108 0.061146
1109 0.061032
1110 0.060917
1111 0.060803
1112 0.060690
1113 0.060576
1114 0.060463
1115 0.060350
1116 0.060237
1117 0.060124
1118 0.060012
1119 0.059900
1120 0.059788
1121 0.059676
1122 0.059564
1123 0.059453
1124 0.059342
1125 0.059231
1126 0.059120
1127 0.059010
1128 0.058900
1129 0.058790
1130 0.058680
1131 0.058570
1132 0.058461
1133 0.058352
1134 0.058243
1135 0.058134
1136 0.058026
1137 0.057917
1138 0.057809
1139 0.057701
1140 0.057594
1141 0.057486
1142 0.057379
1143 0.057272
1144 0.057165
1145 0.057058
1146 0.056952
1147 0.056846
1148 0.056740
1149 0.056634
1150 0.056529
1151 0.056423
1152 0.056318
1153 0.056213
1154 0.056108
1155 0.056004
1156 0.055900
1157 0.055795
1158 0.055691
1159 0.055588
1160 0.055484
1161 0.055381
1162 0.055278
1163 0.055175
1164 0.055072
1165 0.054970
1166 0.054867
1167 0.054765
1168 0.054663
1169 0.054562
1170 0.054460
1171 0.054359
1172 0.054258
1173 0.054157
1174 0.054056
1175 0.053956
1176 0.053855
1177 0.053755
1178 0.053655
1179 0.053555
1180 0.053456
1181 0.053357
1182 0.053257
1183 0.053158
1184 0.053060
1185 0.052961
1186 0.052863
1187 0.052765
1188 0.052667
1189 0.052569
1190 0.052471
1191 0.052374
1192 0.052276
1193 0.052179
1194 0.052083
1195 0.051986
1196 0.051889
1197 0.051793
1198 0.051697
1199 0.051601
1200 0.051505
1201 0.051410
1202 0.051314
1203 0.051219
1204 0.051124
1205 0.051029
1206 0.050935
1207 0.050840
1208 0.050746
1209 0.050652
1210 0.050558
1211 0.050464
1212 0.050371
1213 0.050278
1214 0.050184
1215 0.050091
1216 0.049999
1217 0.049906
1218 0.049814
1219 0.049721
1220 0.049629
1221 0.049537
1222 0.049446
1223 0.049354
1224 0.049263
1225 0.049171
1226 0.049080
1227 0.048990
1228 0.048899
1229 0.048808
1230 0.048718
1231 0.048628
1232 0.048538
1233 0.048448
1234 0.048359
1235 0.048269
1236 0.048180
1237 0.048091
1238 0.048002
1239 0.047913
1240 0.047824
1241 0.047736
1242 0.047648
1243 0.047560
1244 0.047472
1245 0.047384
1246 0.047297
1247 0.047209
1248 0.047122
1249 0.047035
1250 0.046948
1251 0.046861
1252 0.046775
1253 0.046688
1254 0.046602
1255 0.046516
1256 0.046430
1257 0.046344
1258 0.046259
1259 0.046174
1260 0.046088
1261 0.046003
1262 0.045918
1263 0.045834
1264 0.045749
1265 0.045665
1266 0.045580
1267 0.045496
1268 0.045412
1269 0.045329
1270 0.045245
1271 0.045162
1272 0.045078
1273 0.044995
1274 0.044912
1275 0.044829
1276 0.044747
1277 0.044664
1278 0.044582
1279 0.044500
1280 0.044418
1281 0.044336
1282 0.044254
1283 0.044173
1284 0.044091
1285 0.044010
1286 0.043929
1287 0.043848
1288 0.043767
1289 0.043687
1290 0.043606
1291 0.043526
1292 0.043446
1293 0.043366
1294 0.043286
1295 0.043206
1296 0.043127
1297 0.043048
1298 0.042968
1299 0.042889
1300 0.042810
1301 0.042732
1302 0.042653
1303 0.042575
1304 0.042496
1305 0.042418
1306 0.042340
1307 0.042262
1308 0.042185
1309 0.042107
1310 0.042030
1311 0.041952
1312 0.041875
1313 0.041798
1314 0.041721
1315 0.041645
1316 0.041568
1317 0.041492
1318 0.041416
1319 0.041339
1320 0.041263
1321 0.041188
1322 0.041112
1323 0.041037
1324 0.040961
1325 0.040886
1326 0.040811
1327 0.040736
1328 0.040661
1329 0.040586
1330 0.040512
1331 0.040438
1332 0.040363
1333 0.040289
1334 0.040215
1335 0.040142
1336 0.040068
1337 0.039994
1338 0.039921
1339 0.039848
1340 0.039775
1341 0.039702
1342 0.039629
1343 0.039556
1344 0.039484
1345 0.039411
1346 0.039339
1347 0.039267
1348 0.039195
1349 0.039123
1350 0.039051
1351 0.038980
1352 0.038908
1353 0.038837
1354 0.038766
1355 0.038695
1356 0.038624
1357 0.038553
1358 0.038483
1359 0.038412
1360 0.038342
1361 0.038271
1362 0.038201
1363 0.038131
1364 0.038062
1365 0.037992
1366 0.037922
1367 0.037853
1368 0.037784
1369 0.037714
1370 0.037645
1371 0.037576
1372 0.037508
1373 0.037439
1374 0.037371
1375 0.037302
1376 0.037234
1377 0.037166
1378 0.037098
1379 0.037030
1380 0.036962
1381 0.036895
1382 0.036827
1383 0.036760
1384 0.036693
1385 0.036625
1386 0.036558
1387 0.036492
1388 0.036425
1389 0.036358
1390 0.036292
1391 0.036226
1392 0.036159
1393 0.036093
1394 0.036027
1395 0.035961
1396 0.035896
1397 0.035830
1398 0.035765
1399 0.035699
1400 0.035634
1401 0.035569
1402 0.035504
1403 0.035439
1404 0.035375
1405 0.035310
1406 0.035245
1407 0.035181
1408 0.035117
1409 0.035053
1410 0.034989
1411 0.034925
1412 0.034861
1413 0.034798
1414 0.034734
1415 0.034671
1416 0.034607
1417 0.034544
1418 0.034481
1419 0.034418
1420 0.034356
1421 0.034293
1422 0.034230
1423 0.034168
1424 0.034106
1425 0.034043
1426 0.033981
1427 0.033919
1428 0.033857
1429 0.033796
1430 0.033734
1431 0.033673
1432 0.033611
1433 0.033550
1434 0.033489
1435 0.033428
1436 0.033367
1437 0.033306
1438 0.033245
1439 0.033185
1440 0.033124
1441 0.033064
1442 0.033004
1443 0.032944
1444 0.032884
1445 0.032824
1446 0.032764
1447 0.032704
1448 0.032645
1449 0.032585
1450 0.032526
1451 0.032467
1452 0.032408
1453 0.032349
1454 0.032290
1455 0.032231
1456 0.032172
1457 0.032114
1458 0.032055
1459 0.031997
1460 0.031939
1461 0.031881
1462 0.031823
1463 0.031765
1464 0.031707
1465 0.031649
1466 0.031592
1467 0.031534
1468 0.031477
1469 0.031420
1470 0.031363
1471 0.031306
1472 0.031249
1473 0.031192
1474 0.031135
1475 0.031078
1476 0.031022
1477 0.030966
1478 0.030909
1479 0.030853
1480 0.030797
1481 0.030741
1482 0.030685
1483 0.030629
1484 0.030574
1485 0.030518
1486 0.030463
1487 0.030407
1488 0.030352
1489 0.030297
1490 0.030242
1491 0.030187
1492 0.030132
1493 0.030078
1494 0.030023
1495 0.029969
1496 0.029914
1497 0.029860
1498 0.029806
1499 0.029751
1500 0.029697
1501 0.029644
1502 0.029590
1503 0.029536
1504 0.029482
1505 0.029429
1506 0.029376
1507 0.029322
1508 0.029269
1509 0.029216
1510 0.029163
1511 0.029110
1512 0.029057
1513 0.029005
1514 0.028952
1515 0.028899
1516 0.028847
1517 0.028795
1518 0.028742
1519 0.028690
1520 0.028638
1521 0.028586
1522 0.028535
1523 0.028483
1524 0.028431
1525 0.028380
1526 0.028328
1527 0.028277
1528 0.028226
1529 0.028175
1530 0.028123
1531 0.028073
1532 0.028022
1533 0.027971
1534 0.027920
1535 0.027870
1536 0.027819
1537 0.027769
1538 0.027718
1539 0.027668
1540 0.027618
1541 0.027568
1542 0.027518
1543 0.027468
1544 0.027419
1545 0.027369
1546 0.027319
1547 0.027270
1548 0.027221
1549 0.027171
1550 0.027122
1551 0.027073
1552 0.027024
1553 0.026975
1554 0.026926
1555 0.026878
1556 0.026829
1557 0.026780
1558 0.026732
1559 0.026684
1560 0.026635
1561 0.026587
1562 0.026539
1563 0.026491
1564 0.026443
1565 0.026395
1566 0.026348
1567 0.026300
1568 0.026252
1569 0.026205
1570 0.026158
1571 0.026110
1572 0.026063
1573 0.026016
1574 0.025969
1575 0.025922
1576 0.025875
1577 0.025828
1578 0.025782
1579 0.025735
1580 0.025689
1581 0.025642
1582 0.025596
1583 0.025550
1584 0.025503
1585 0.025457
1586 0.025411
1587 0.025366
1588 0.025320
1589 0.025274
1590 0.025228
1591 0.025183
1592 0.025137
1593 0.025092
1594 0.025047
1595 0.025001
1596 0.024956
1597 0.024911
1598 0.024866
1599 0.024821
1600 0.024777
1601 0.024732
1602 0.024687
1603 0.024643
1604 0.024598
1605 0.024554
1606 0.024509
1607 0.024465
1608 0.024421
1609 0.024377
1610 0.024333
1611 0.024289
1612 0.024245
1613 0.024202
1614 0.024158
1615 0.024114
1616 0.024071
1617 0.024027
1618 0.023984
1619 0.023941
1620 0.023898
1621 0.023855
1622 0.023812
1623 0.023769
1624 0.023726
1625 0.023683
1626 0.023640
1627 0.023598
1628 0.023555
1629 0.023513
1630 0.023470
1631 0.023428
1632 0.023386
1633 0.023344
1634 0.023302
1635 0.023260
1636 0.023218
1637 0.023176
1638 0.023134
1639 0.023092
1640 0.023051
1641 0.023009
1642 0.022968
1643 0.022926
1644 0.022885
1645 0.022844
1646 0.022803
1647 0.022762
1648 0.022721
1649 0.022680
1650 0.022639
1651 0.022598
1652 0.022558
1653 0.022517
1654 0.022476
1655 0.022436
1656 0.022396
1657 0.022355
1658 0.022315
1659 0.022275
1660 0.022235
1661 0.022195
1662 0.022155
1663 0.022115
1664 0.022075
1665 0.022035
1666 0.021996
1667 0.021956
1668 0.021917
1669 0.021877
1670 0.021838
1671 0.021799
1672 0.021760
1673 0.021720
1674 0.021681
1675 0.021642
1676 0.021603
1677 0.021565
1678 0.021526
1679 0.021487
1680 0.021448
1681 0.021410
1682 0.021371
1683 0.021333
1684 0.021295
1685 0.021256
1686 0.021218
1687 0.021180
1688 0.021142
1689 0.021104
1690 0.021066
1691 0.021028
1692 0.020990
1693 0.020953
1694 0.020915
1695 0.020877
1696 0.020840
1697 0.020802
1698 0.020765
1699 0.020728
1700 0.020691
1701 0.020653
1702 0.020616
1703 0.020579
1704 0.020542
1705 0.020505
1706 0.020469
1707 0.020432
1708 0.020395
1709 0.020359
1710 0.020322
1711 0.020286
1712 0.020249
1713 0.020213
1714 0.020176
1715 0.020140
1716 0.020104
1717 0.020068
1718 0.020032
1719 0.019996
1720 0.019960
1721 0.019924
1722 0.019889
1723 0.019853
1724 0.019817
1725 0.019782
1726 0.019746
1727 0.019711
1728 0.019675
1729 0.019640
1730 0.019605
1731 0.019570
1732 0.019535
1733 0.019500
1734 0.019465
1735 0.019430
1736 0.019395
1737 0.019360
1738 0.019325
1739 0.019291
1740 0.019256
1741 0.019222
1742 0.019187
1743 0.019153
1744 0.019118
1745 0.019084
1746 0.019050
1747 0.019016
1748 0.018982
1749 0.018948
1750 0.018914
1751 0.018880
1752 0.018846
1753 0.018812
1754 0.018779
1755 0.018745
1756 0.018711
1757 0.018678
1758 0.018644
1759 0.018611
1760 0.018578
1761 0.018544
1762 0.018511
1763 0.018478
1764 0.018445
1765 0.018412
1766 0.018379
1767 0.018346
1768 0.018313
1769 0.018280
1770 0.018248
1771 0.018215
1772 0.018182
1773 0.018150
1774 0.018117
1775 0.018085
1776 0.018052
1777 0.018020
1778 0.017988
1779 0.017956
1780 0.017924
1781 0.017891
1782 0.017859
1783 0.017827
1784 0.017796
1785 0.017764
1786 0.017732
1787 0.017700
1788 0.017669
1789 0.017637
1790 0.017605
1791 0.017574
1792 0.017542
1793 0.017511
1794 0.017480
1795 0.017448
1796 0.017417
1797 0.017386
1798 0.017355
1799 0.017324
1800 0.017293
1801 0.017262
1802 0.017231
1803 0.017200
1804 0.017170
1805 0.017139
1806 0.017108
1807 0.017078
1808 0.017047
1809 0.017017
1810 0.016986
1811 0.016956
1812 0.016926
1813 0.016895
1814 0.016865
1815 0.016835
1816 0.016805
1817 0.016775
1818 0.016745
1819 0.016715
1820 0.016685
1821 0.016655
1822 0.016626
1823 0.016596
1824 0.016566
1825 0.016537
1826 0.016507
1827 0.016478
1828 0.016448
1829 0.016419
1830 0.016389
1831 0.016360
1832 0.016331
1833 0.016302
1834 0.016273
1835 0.016244
1836 0.016215
1837 0.016186
1838 0.016157
1839 0.016128
1840 0.016099
1841 0.016070
1842 0.016042
1843 0.016013
1844 0.015985
1845 0.015956
1846 0.015928
1847 0.015899
1848 0.015871
1849 0.015842
1850 0.015814
1851 0.015786
1852 0.015758
1853 0.015730
1854 0.015702
1855 0.015674
1856 0.015646
1857 0.015618
1858 0.015590
1859 0.015562
1860 0.015534
1861 0.015506
1862 0.015479
1863 0.015451
1864 0.015424
1865 0.015396
1866 0.015369
1867 0.015341
1868 0.015314
1869 0.015287
1870 0.015259
1871 0.015232
1872 0.015205
1873 0.015178
1874 0.015151
1875 0.015124
1876 0.015097
1877 0.015070
1878 0.015043
1879 0.015016
1880 0.014989
1881 0.014963
1882 0.014936
1883 0.014909
1884 0.014883
1885 0.014856
1886 0.014830
1887 0.014803
1888 0.014777
1889 0.014751
1890 0.014724
1891 0.014698
1892 0.014672
1893 0.014646
1894 0.014620
1895 0.014594
1896 0.014568
1897 0.014542
1898 0.014516
1899 0.014490
1900 0.014464
1901 0.014438
1902 0.014413
1903 0.014387
1904 0.014361
1905 0.014336
1906 0.014310
1907 0.014285
1908 0.014259
1909 0.014234
1910 0.014209
1911 0.014183
1912 0.014158
1913 0.014133
1914 0.014108
1915 0.014083
1916 0.014058
1917 0.014033
1918 0.014008
1919 0.013983
1920 0.013958
1921 0.013933
1922 0.013908
1923 0.013883
1924 0.013859
1925 0.013834
1926 0.013809
1927 0.013785
1928 0.013760
1929 0.013736
1930 0.013711
1931 0.013687
1932 0.013663
1933 0.013638
1934 0.013614
1935 0.013590
1936 0.013566
1937 0.013542
1938 0.013517
1939 0.013493
1940 0.013469
1941 0.013445
1942 0.013422
1943 0.013398
1944 0.013374
1945 0.013350
1946 0.013326
1947 0.013303
1948 0.013279
1949 0.013255
1950 0.013232
1951 0.013208
1952 0.013185
1953 0.013161
1954 0.013138
1955 0.013115
1956 0.013091
1957 0.013068
1958 0.013045
1959 0.013022
1960 0.012998
1961 0.012975
1962 0.012952
1963 0.012929
1964 0.012906
1965 0.012883
1966 0.012861
1967 0.012838
1968 0.012815
1969 0.012792
1970 0.012769
1971 0.012747
1972 0.012724
1973 0.012701
1974 0.012679
1975 0.012656
1976 0.012634
1977 0.012611
1978 0.012589
1979 0.012567
1980 0.012544
1981 0.012522
1982 0.012500
1983 0.012478
1984 0.012455
1985 0.012433
1986 0.012411
1987 0.012389
1988 0.012367
1989 0.012345
1990 0.012323
1991 0.012301
1992 0.012280
1993 0.012258
1994 0.012236
1995 0.012214
1996 0.012193
1997 0.012171
1998 0.012149
1999 0.012128
2000 0.012106
2001 0.012085
2002 0.012063
2003 0.012042
2004 0.012021
2005 0.011999
2006 0.011978
2007 0.011957
2008 0.011936
2009 0.011914
2010 0.011893
2011 0.011872
2012 0.011851
2013 0.011830
2014 0.011809
2015 0.011788
2016 0.011767
2017 0.011746
2018 0.011726
2019 0.011705
2020 0.011684
2021 0.011663
2022 0.011643
2023 0.011622
2024 0.011601
2025 0.011581
2026 0.011560
2027 0.011540
2028 0.011519
2029 0.011499
2030 0.011478
2031 0.011458
2032 0.011438
2033 0.011417
2034 0.011397
2035 0.011377
2036 0.011357
2037 0.011337
2038 0.011317
2039 0.011297
2040 0.011277
2041 0.011257
2042 0.011237
2043 0.011217
2044 0.011197
2045 0.011177
2046 0.011157
2047 0.011137
2048 0.011118
2049 0.011098
2050 0.011078
2051 0.011059
2052 0.011039
2053 0.011020
2054 0.011000
2055 0.010981
2056 0.010961
2057 0.010942
2058 0.010922
2059 0.010903
2060 0.010884
2061 0.010864
2062 0.010845
2063 0.010826
2064 0.010807
2065 0.010788
2066 0.010768
2067 0.010749
2068 0.010730
2069 0.010711
2070 0.010692
2071 0.010673
2072 0.010655
2073 0.010636
2074 0.010617
2075 0.010598
2076 0.010579
2077 0.010561
2078 0.010542
2079 0.010523
2080 0.010505
2081 0.010486
2082 0.010467
2083 0.010449
2084 0.010430
2085 0.010412
2086 0.010394
2087 0.010375
2088 0.010357
2089 0.010338
2090 0.010320
2091 0.010302
2092 0.010284
2093 0.010265
2094 0.010247
2095 0.010229
2096 0.010211
2097 0.010193
2098 0.010175
2099 0.010157
2100 0.010139
2101 0.010121
2102 0.010103
2103 0.010085
2104 0.010067
2105 0.010050
2106 0.010032
2107 0.010014
2108 0.009996
2109 0.009979
2110 0.009961
2111 0.009944
2112 0.009926
2113 0.009908
2114 0.009891
2115 0.009873
2116 0.009856
2117 0.009838
2118 0.009821
2119 0.009804
2120 0.009786
2121 0.009769
2122 0.009752
2123 0.009735
2124 0.009717
2125 0.009700
2126 0.009683
2127 0.009666
2128 0.009649
2129 0.009632
2130 0.009615
2131 0.009598
2132 0.009581
2133 0.009564
2134 0.009547
2135 0.009530
2136 0.009513
2137 0.009496
2138 0.009480
2139 0.009463
2140 0.009446
2141 0.009430
2142 0.009413
2143 0.009396
2144 0.009380
2145 0.009363
2146 0.009347
2147 0.009330
2148 0.009314
2149 0.009297
2150 0.009281
2151 0.009264
2152 0.009248
2153 0.009232
2154 0.009215
2155 0.009199
2156 0.009183
2157 0.009167
2158 0.009150
2159 0.009134
2160 0.009118
2161 0.009102
2162 0.009086
2163 0.009070
2164 0.009054
2165 0.009038
2166 0.009022
2167 0.009006
2168 0.008990
2169 0.008974
2170 0.008958
2171 0.008943
2172 0.008927
2173 0.008911
2174 0.008895
2175 0.008880
2176 0.008864
2177 0.008848
2178 0.008833
2179 0.008817
2180 0.008802
2181 0.008786
2182 0.008770
2183 0.008755
2184 0.008740
2185 0.008724
2186 0.008709
2187 0.008693
2188 0.008678
2189 0.008663
2190 0.008647
2191 0.008632
2192 0.008617
2193 0.008602
2194 0.008587
2195 0.008571
2196 0.008556
2197 0.008541
2198 0.008526
2199 0.008511
2200 0.008496
2201 0.008481
2202 0.008466
2203 0.008451
2204 0.008436
2205 0.008421
2206 0.008407
2207 0.008392
2208 0.008377
2209 0.008362
2210 0.008347
2211 0.008333
2212 0.008318
2213 0.008303
2214 0.008289
2215 0.008274
2216 0.008260
2217 0.008245
2218 0.008230
2219 0.008216
2220 0.008201
2221 0.008187
2222 0.008173
2223 0.008158
2224 0.008144
2225 0.008129
2226 0.008115
2227 0.008101
2228 0.008087
2229 0.008072
2230 0.008058
2231 0.008044
2232 0.008030
2233 0.008016
2234 0.008001
2235 0.007987
2236 0.007973
2237 0.007959
2238 0.007945
2239 0.007931
2240 0.007917
2241 0.007903
2242 0.007889
2243 0.007875
2244 0.007862
2245 0.007848
2246 0.007834
2247 0.007820
2248 0.007806
2249 0.007793
2250 0.007779
2251 0.007765
2252 0.007751
2253 0.007738
2254 0.007724
2255 0.007711
2256 0.007697
2257 0.007683
2258 0.007670
2259 0.007656
2260 0.007643
2261 0.007629
2262 0.007616
2263 0.007603
2264 0.007589
2265 0.007576
2266 0.007563
2267 0.007549
2268 0.007536
2269 0.007523
2270 0.007509
2271 0.007496
2272 0.007483
2273 0.007470
2274 0.007457
2275 0.007444
2276 0.007430
2277 0.007417
2278 0.007404
2279 0.007391
2280 0.007378
2281 0.007365
2282 0.007352
2283 0.007339
2284 0.007327
2285 0.007314
2286 0.007301
2287 0.007288
2288 0.007275
2289 0.007262
2290 0.007250
2291 0.007237
2292 0.007224
2293 0.007211
2294 0.007199
2295 0.007186
2296 0.007173
2297 0.007161
2298 0.007148
2299 0.007136
2300 0.007123
2301 0.007110
2302 0.007098
2303 0.007085
2304 0.007073
2305 0.007061
2306 0.007048
2307 0.007036
2308 0.007023
2309 0.007011
2310 0.006999
2311 0.006986
2312 0.006974
2313 0.006962
2314 0.006950
2315 0.006937
2316 0.006925
2317 0.006913
2318 0.006901
2319 0.006889
2320 0.006877
2321 0.006865
2322 0.006852
2323 0.006840
2324 0.006828
2325 0.006816
2326 0.006804
2327 0.006792
2328 0.006781
2329 0.006769
2330 0.006757
2331 0.006745
2332 0.006733
2333 0.006721
2334 0.006709
2335 0.006698
2336 0.006686
2337 0.006674
2338 0.006662
2339 0.006651
2340 0.006639
2341 0.006627
2342 0.006616
2343 0.006604
2344 0.006592
2345 0.006581
2346 0.006569
2347 0.006558
2348 0.006546
2349 0.006535
2350 0.006523
2351 0.006512
2352 0.006500
2353 0.006489
2354 0.006477
2355 0.006466
2356 0.006455
2357 0.006443
2358 0.006432
2359 0.006421
2360 0.006410
2361 0.006398
2362 0.006387
2363 0.006376
2364 0.006365
2365 0.006353
2366 0.006342
2367 0.006331
2368 0.006320
2369 0.006309
2370 0.006298
2371 0.006287
2372 0.006276
2373 0.006265
2374 0.006254
2375 0.006243
2376 0.006232
2377 0.006221
2378 0.006210
2379 0.006199
2380 0.006188
2381 0.006177
2382 0.006166
2383 0.006156
2384 0.006145
2385 0.006134
2386 0.006123
2387 0.006113
2388 0.006102
2389 0.006091
2390 0.006080
2391 0.006070
2392 0.006059
2393 0.006048
2394 0.006038
2395 0.006027
2396 0.006017
2397 0.006006
2398 0.005996
2399 0.005985
2400 0.005975
2401 0.005964
2402 0.005954
2403 0.005943
2404 0.005933
2405 0.005922
2406 0.005912
2407 0.005902
2408 0.005891
2409 0.005881
2410 0.005871
2411 0.005860
2412 0.005850
2413 0.005840
2414 0.005830
2415 0.005819
2416 0.005809
2417 0.005799
2418 0.005789
2419 0.005779
2420 0.005768
2421 0.005758
2422 0.005748
2423 0.005738
2424 0.005728
2425 0.005718
2426 0.005708
2427 0.005698
2428 0.005688
2429 0.005678
2430 0.005668
2431 0.005658
2432 0.005648
2433 0.005638
2434 0.005628
2435 0.005619
2436 0.005609
2437 0.005599
2438 0.005589
2439 0.005579
2440 0.005570
2441 0.005560
2442 0.005550
2443 0.005540
2444 0.005531
2445 0.005521
2446 0.005511
2447 0.005502
2448 0.005492
2449 0.005482
2450 0.005473
2451 0.005463
2452 0.005454
2453 0.005444
2454 0.005434
2455 0.005425
2456 0.005415
2457 0.005406
2458 0.005396
2459 0.005387
2460 0.005378
2461 0.005368
2462 0.005359
2463 0.005349
2464 0.005340
2465 0.005331
2466 0.005321
2467 0.005312
2468 0.005303
2469 0.005293
2470 0.005284
2471 0.005275
2472 0.005266
2473 0.005256
2474 0.005247
2475 0.005238
2476 0.005229
2477 0.005220
2478 0.005210
2479 0.005201
2480 0.005192
2481 0.005183
2482 0.005174
2483 0.005165
2484 0.005156
2485 0.005147
2486 0.005138
2487 0.005129
2488 0.005120
2489 0.005111
2490 0.005102
2491 0.005093
2492 0.005084
2493 0.005075
2494 0.005066
2495 0.005058
2496 0.005049
2497 0.005040
2498 0.005031
2499 0.005022
2500 0.005013
2501 0.005005
2502 0.004996
2503 0.004987
2504 0.004978
2505 0.004970
2506 0.004961
2507 0.004952
2508 0.004944
2509 0.004935
2510 0.004926
2511 0.004918
2512 0.004909
2513 0.004901
2514 0.004892
2515 0.004883
2516 0.004875
2517 0.004866
2518 0.004858
2519 0.004849
2520 0.004841
2521 0.004832
2522 0.004824
2523 0.004816
2524 0.004807
2525 0.004799
2526 0.004790
2527 0.004782
2528 0.004774
2529 0.004765
2530 0.004757
2531 0.004749
2532 0.004740
2533 0.004732
2534 0.004724
2535 0.004715
2536 0.004707
2537 0.004699
2538 0.004691
2539 0.004682
2540 0.004674
2541 0.004666
2542 0.004658
2543 0.004650
2544 0.004642
2545 0.004634
2546 0.004625
2547 0.004617
2548 0.004609
2549 0.004601
2550 0.004593
2551 0.004585
2552 0.004577
2553 0.004569
2554 0.004561
2555 0.004553
2556 0.004545
2557 0.004537
2558 0.004529
2559 0.004521
2560 0.004514
2561 0.004506
2562 0.004498
2563 0.004490
2564 0.004482
2565 0.004474
2566 0.004466
2567 0.004459
2568 0.004451
2569 0.004443
2570 0.004435
2571 0.004428
2572 0.004420
2573 0.004412
2574 0.004404
2575 0.004397
2576 0.004389
2577 0.004381
2578 0.004374
2579 0.004366
2580 0.004358
2581 0.004351
2582 0.004343
2583 0.004336
2584 0.004328
2585 0.004320
2586 0.004313
2587 0.004305
2588 0.004298
2589 0.004290
2590 0.004283
2591 0.004275
2592 0.004268
2593 0.004260
2594 0.004253
2595 0.004246
2596 0.004238
2597 0.004231
2598 0.004223
2599 0.004216
2600 0.004209
2601 0.004201
2602 0.004194
2603 0.004187
2604 0.004179
2605 0.004172
2606 0.004165
2607 0.004157
2608 0.004150
2609 0.004143
2610 0.004136
2611 0.004128
2612 0.004121
2613 0.004114
2614 0.004107
2615 0.004100
2616 0.004093
2617 0.004085
2618 0.004078
2619 0.004071
2620 0.004064
2621 0.004057
2622 0.004050
2623 0.004043
2624 0.004036
2625 0.004029
2626 0.004022
2627 0.004015
2628 0.004008
2629 0.004001
2630 0.003994
2631 0.003987
2632 0.003980
2633 0.003973
2634 0.003966
2635 0.003959
2636 0.003952
2637 0.003945
2638 0.003938
2639 0.003931
2640 0.003924
2641 0.003918
2642 0.003911
2643 0.003904
2644 0.003897
2645 0.003890
2646 0.003884
2647 0.003877
2648 0.003870
2649 0.003863
2650 0.003857
2651 0.003850
2652 0.003843
2653 0.003836
2654 0.003830
2655 0.003823
2656 0.003816
2657 0.003810
2658 0.003803
2659 0.003796
2660 0.003790
2661 0.003783
2662 0.003777
2663 0.003770
2664 0.003763
2665 0.003757
2666 0.003750
2667 0.003744
2668 0.003737
2669 0.003731
2670 0.003724
2671 0.003718
2672 0.003711
2673 0.003705
2674 0.003698
2675 0.003692
2676 0.003685
2677 0.003679
2678 0.003673
2679 0.003666
2680 0.003660
2681 0.003653
2682 0.003647
2683 0.003641
2684 0.003634
2685 0.003628
2686 0.003622
2687 0.003615
2688 0.003609
2689 0.003603
2690 0.003596
2691 0.003590
2692 0.003584
2693 0.003578
2694 0.003571
2695 0.003565
2696 0.003559
2697 0.003553
2698 0.003547
2699 0.003540
2700 0.003534
2701 0.003528
2702 0.003522
2703 0.003516
2704 0.003510
2705 0.003504
2706 0.003497
2707 0.003491
2708 0.003485
2709 0.003479
2710 0.003473
2711 0.003467
2712 0.003461
2713 0.003455
2714 0.003449
2715 0.003443
2716 0.003437
2717 0.003431
2718 0.003425
2719 0.003419
2720 0.003413
2721 0.003407
2722 0.003401
2723 0.003395
2724 0.003389
2725 0.003383
2726 0.003378
2727 0.003372
2728 0.003366
2729 0.003360
2730 0.003354
2731 0.003348
2732 0.003342
2733 0.003337
2734 0.003331
2735 0.003325
2736 0.003319
2737 0.003313
2738 0.003308
2739 0.003302
2740 0.003296
2741 0.003290
2742 0.003285
2743 0.003279
2744 0.003273
2745 0.003267
2746 0.003262
2747 0.003256
2748 0.003250
2749 0.003245
2750 0.003239
2751 0.003233
2752 0.003228
2753 0.003222
2754 0.003217
2755 0.003211
2756 0.003205
2757 0.003200
2758 0.003194
2759 0.003189
2760 0.003183
2761 0.003178
2762 0.003172
2763 0.003167
2764 0.003161
2765 0.003156
2766 0.003150
2767 0.003145
2768 0.003139
2769 0.003134
2770 0.003128
2771 0.003123
2772 0.003117
2773 0.003112
2774 0.003106
2775 0.003101
2776 0.003096
2777 0.003090
2778 0.003085
2779 0.003080
2780 0.003074
2781 0.003069
2782 0.003063
2783 0.003058
2784 0.003053
2785 0.003047
2786 0.003042
2787 0.003037
2788 0.003032
2789 0.003026
2790 0.003021
2791 0.003016
2792 0.003011
2793 0.003005
2794 0.003000
2795 0.002995
2796 0.002990
2797 0.002984
2798 0.002979
2799 0.002974
2800 0.002969
2801 0.002964
2802 0.002959
2803 0.002953
2804 0.002948
2805 0.002943
2806 0.002938
2807 0.002933
2808 0.002928
2809 0.002923
2810 0.002918
2811 0.002913
2812 0.002908
2813 0.002902
2814 0.002897
2815 0.002892
2816 0.002887
2817 0.002882
2818 0.002877
2819 0.002872
2820 0.002867
2821 0.002862
2822 0.002857
2823 0.002852
2824 0.002847
2825 0.002842
2826 0.002838
2827 0.002833
2828 0.002828
2829 0.002823
2830 0.002818
2831 0.002813
2832 0.002808
2833 0.002803
2834 0.002798
2835 0.002793
2836 0.002789
2837 0.002784
2838 0.002779
2839 0.002774
2840 0.002769
2841 0.002764
2842 0.002760
2843 0.002755
2844 0.002750
2845 0.002745
2846 0.002740
2847 0.002736
2848 0.002731
2849 0.002726
2850 0.002721
2851 0.002717
2852 0.002712
2853 0.002707
2854 0.002703
2855 0.002698
2856 0.002693
2857 0.002689
2858 0.002684
2859 0.002679
2860 0.002675
2861 0.002670
2862 0.002665
2863 0.002661
2864 0.002656
2865 0.002651
2866 0.002647
2867 0.002642
2868 0.002638
2869 0.002633
2870 0.002628
2871 0.002624
2872 0.002619
2873 0.002615
2874 0.002610
2875 0.002606
2876 0.002601
2877 0.002597
2878 0.002592
2879 0.002588
2880 0.002583
2881 0.002579
2882 0.002574
2883 0.002570
2884 0.002565
2885 0.002561
2886 0.002556
2887 0.002552
2888 0.002547
2889 0.002543
2890 0.002539
2891 0.002534
2892 0.002530
2893 0.002525
2894 0.002521
2895 0.002517
2896 0.002512
2897 0.002508
2898 0.002503
2899 0.002499
2900 0.002495
2901 0.002490
2902 0.002486
2903 0.002482
2904 0.002478
2905 0.002473
2906 0.002469
2907 0.002465
2908 0.002460
2909 0.002456
2910 0.002452
2911 0.002448
2912 0.002443
2913 0.002439
2914 0.002435
2915 0.002431
2916 0.002426
2917 0.002422
2918 0.002418
2919 0.002414
2920 0.002410
2921 0.002405
2922 0.002401
2923 0.002397
2924 0.002393
2925 0.002389
2926 0.002385
2927 0.002380
2928 0.002376
2929 0.002372
2930 0.002368
2931 0.002364
2932 0.002360
2933 0.002356
2934 0.002352
2935 0.002348
2936 0.002344
2937 0.002339
2938 0.002335
2939 0.002331
2940 0.002327
2941 0.002323
2942 0.002319
2943 0.002315
2944 0.002311
2945 0.002307
2946 0.002303
2947 0.002299
2948 0.002295
2949 0.002291
2950 0.002287
2951 0.002283
2952 0.002279
2953 0.002275
2954 0.002271
2955 0.002267
2956 0.002263
2957 0.002260
2958 0.002256
2959 0.002252
2960 0.002248
2961 0.002244
2962 0.002240
2963 0.002236
2964 0.002232
2965 0.002228
2966 0.002225
2967 0.002221
2968 0.002217
2969 0.002213
2970 0.002209
2971 0.002205
2972 0.002201
2973 0.002198
2974 0.002194
2975 0.002190
2976 0.002186
2977 0.002182
2978 0.002179
2979 0.002175
2980 0.002171
2981 0.002167
2982 0.002164
2983 0.002160
2984 0.002156
2985 0.002152
2986 0.002149
2987 0.002145
2988 0.002141
2989 0.002137
2990 0.002134
2991 0.002130
2992 0.002126
2993 0.002123
2994 0.002119
2995 0.002115
2996 0.002112
2997 0.002108
2998 0.002104
2999 0.002101
3000 0.002097
3001 0.002093
3002 0.002090
3003 0.002086
3004 0.002083
3005 0.002079
3006 0.002075
3007 0.002072
3008 0.002068
3009 0.002065
3010 0.002061
3011 0.002057
3012 0.002054
3013 0.002050
3014 0.002047
3015 0.002043
3016 0.002040
3017 0.002036
3018 0.002033
3019 0.002029
3020 0.002025
3021 0.002022
3022 0.002018
3023 0.002015
3024 0.002011
3025 0.002008
3026 0.002005
3027 0.002001
3028 0.001998
3029 0.001994
3030 0.001991
3031 0.001987
3032 0.001984
3033 0.001980
3034 0.001977
3035 0.001973
3036 0.001970
3037 0.001967
3038 0.001963
3039 0.001960
3040 0.001956
3041 0.001953
3042 0.001950
3043 0.001946
3044 0.001943
3045 0.001940
3046 0.001936
3047 0.001933
3048 0.001929
3049 0.001926
3050 0.001923
3051 0.001919
3052 0.001916
3053 0.001913
3054 0.001909
3055 0.001906
3056 0.001903
3057 0.001900
3058 0.001896
3059 0.001893
3060 0.001890
3061 0.001886
3062 0.001883
3063 0.001880
3064 0.001877
3065 0.001873
3066 0.001870
3067 0.001867
3068 0.001864
3069 0.001860
3070 0.001857
3071 0.001854
3072 0.001851
3073 0.001848
3074 0.001844
3075 0.001841
3076 0.001838
3077 0.001835
3078 0.001832
3079 0.001828
3080 0.001825
3081 0.001822
3082 0.001819
3083 0.001816
3084 0.001813
3085 0.001810
3086 0.001806
3087 0.001803
3088 0.001800
3089 0.001797
3090 0.001794
3091 0.001791
3092 0.001788
3093 0.001785
3094 0.001782
3095 0.001778
3096 0.001775
3097 0.001772
3098 0.001769
3099 0.001766
3100 0.001763
3101 0.001760
3102 0.001757
3103 0.001754
3104 0.001751
3105 0.001748
3106 0.001745
3107 0.001742
3108 0.001739
3109 0.001736
3110 0.001733
3111 0.001730
3112 0.001727
3113 0.001724
3114 0.001721
3115 0.001718
3116 0.001715
3117 0.001712
3118 0.001709
3119 0.001706
3120 0.001703
3121 0.001700
3122 0.001697
3123 0.001694
3124 0.001691
3125 0.001688
3126 0.001685
3127 0.001683
3128 0.001680
3129 0.001677
3130 0.001674
3131 0.001671
3132 0.001668
3133 0.001665
3134 0.001662
3135 0.001659
3136 0.001657
3137 0.001654
3138 0.001651
3139 0.001648
3140 0.001645
3141 0.001642
3142 0.001639
3143 0.001637
3144 0.001634
3145 0.001631
3146 0.001628
3147 0.001625
3148 0.001622
3149 0.001620
3150 0.001617
3151 0.001614
3152 0.001611
3153 0.001608
3154 0.001606
3155 0.001603
3156 0.001600
3157 0.001597
3158 0.001595
3159 0.001592
3160 0.001589
3161 0.001586
3162 0.001584
3163 0.001581
3164 0.001578
3165 0.001575
3166 0.001573
3167 0.001570
3168 0.001567
3169 0.001565
3170 0.001562
3171 0.001559
3172 0.001556
3173 0.001554
3174 0.001551
3175 0.001548
3176 0.001546
3177 0.001543
3178 0.001540
3179 0.001538
3180 0.001535
3181 0.001532
3182 0.001530
3183 0.001527
3184 0.001524
3185 0.001522
3186 0.001519
3187 0.001517
3188 0.001514
3189 0.001511
3190 0.001509
3191 0.001506
3192 0.001503
3193 0.001501
3194 0.001498
3195 0.001496
3196 0.001493
3197 0.001491
3198 0.001488
3199 0.001485
3200 0.001483
3201 0.001480
3202 0.001478
3203 0.001475
3204 0.001473
3205 0.001470
3206 0.001467
3207 0.001465
3208 0.001462
3209 0.001460
3210 0.001457
3211 0.001455
3212 0.001452
3213 0.001450
3214 0.001447
3215 0.001445
3216 0.001442
3217 0.001440
3218 0.001437
3219 0.001435
3220 0.001432
3221 0.001430
3222 0.001427
3223 0.001425
3224 0.001422
3225 0.001420
3226 0.001418
3227 0.001415
3228 0.001413
3229 0.001410
3230 0.001408
3231 0.001405
3232 0.001403
3233 0.001401
3234 0.001398
3235 0.001396
3236 0.001393
3237 0.001391
3238 0.001388
3239 0.001386
3240 0.001384
3241 0.001381
3242 0.001379
3243 0.001377
3244 0.001374
3245 0.001372
3246 0.001369
3247 0.001367
3248 0.001365
3249 0.001362
3250 0.001360
3251 0.001358
3252 0.001355
3253 0.001353
3254 0.001351
3255 0.001348
3256 0.001346
3257 0.001344
3258 0.001341
3259 0.001339
3260 0.001337
3261 0.001334
3262 0.001332
3263 0.001330
3264 0.001327
3265 0.001325
3266 0.001323
3267 0.001321
3268 0.001318
3269 0.001316
3270 0.001314
3271 0.001311
3272 0.001309
3273 0.001307
3274 0.001305
3275 0.001302
3276 0.001300
3277 0.001298
3278 0.001296
3279 0.001293
3280 0.001291
3281 0.001289
3282 0.001287
3283 0.001285
3284 0.001282
3285 0.001280
3286 0.001278
3287 0.001276
3288 0.001273
3289 0.001271
3290 0.001269
3291 0.001267
3292 0.001265
3293 0.001263
3294 0.001260
3295 0.001258
3296 0.001256
3297 0.001254
3298 0.001252
3299 0.001249
3300 0.001247
3301 0.001245
3302 0.001243
3303 0.001241
3304 0.001239
3305 0.001237
3306 0.001234
3307 0.001232
3308 0.001230
3309 0.001228
3310 0.001226
3311 0.001224
3312 0.001222
3313 0.001220
3314 0.001218
3315 0.001215
3316 0.001213
3317 0.001211
3318 0.001209
3319 0.001207
3320 0.001205
3321 0.001203
3322 0.001201
3323 0.001199
3324 0.001197
3325 0.001195
3326 0.001193
3327 0.001190
3328 0.001188
3329 0.001186
3330 0.001184
3331 0.001182
3332 0.001180
3333 0.001178
3334 0.001176
3335 0.001174
3336 0.001172
3337 0.001170
3338 0.001168
3339 0.001166
3340 0.001164
3341 0.001162
3342 0.001160
3343 0.001158
3344 0.001156
3345 0.001154
3346 0.001152
3347 0.001150
3348 0.001148
3349 0.001146
3350 0.001144
3351 0.001142
3352 0.001140
3353 0.001138
3354 0.001136
3355 0.001134
3356 0.001132
3357 0.001130
3358 0.001128
3359 0.001126
3360 0.001125
3361 0.001123
3362 0.001121
3363 0.001119
3364 0.001117
3365 0.001115
3366 0.001113
3367 0.001111
3368 0.001109
3369 0.001107
3370 0.001105
3371 0.001103
3372 0.001101
3373 0.001100
3374 0.001098
3375 0.001096
3376 0.001094
3377 0.001092
3378 0.001090
3379 0.001088
3380 0.001086
3381 0.001084
3382 0.001083
3383 0.001081
3384 0.001079
3385 0.001077
3386 0.001075
3387 0.001073
3388 0.001071
3389 0.001070
3390 0.001068
3391 0.001066
3392 0.001064
3393 0.001062
3394 0.001060
3395 0.001059
3396 0.001057
3397 0.001055
3398 0.001053
3399 0.001051
3400 0.001050
3401 0.001048
3402 0.001046
3403 0.001044
3404 0.001042
3405 0.001040
3406 0.001039
3407 0.001037
3408 0.001035
3409 0.001033
3410 0.001032
3411 0.001030
3412 0.001028
3413 0.001026
3414 0.001024
3415 0.001023
3416 0.001021
3417 0.001019
3418 0.001017
3419 0.001016
3420 0.001014
3421 0.001012
3422 0.001010
3423 0.001009
3424 0.001007
3425 0.001005
3426 0.001003
3427 0.001002
3428 0.001000
3429 0.000998
3430 0.000997
3431 0.000995
3432 0.000993
3433 0.000991
3434 0.000990
3435 0.000988
3436 0.000986
3437 0.000985
3438 0.000983
3439 0.000981
3440 0.000980
3441 0.000978
3442 0.000976
3443 0.000974
3444 0.000973
3445 0.000971
3446 0.000969
3447 0.000968
3448 0.000966
3449 0.000964
3450 0.000963
3451 0.000961
3452 0.000959
3453 0.000958
3454 0.000956
3455 0.000954
3456 0.000953
3457 0.000951
3458 0.000950
3459 0.000948
3460 0.000946
3461 0.000945
3462 0.000943
3463 0.000941
3464 0.000940
3465 0.000938
3466 0.000937
3467 0.000935
3468 0.000933
3469 0.000932
3470 0.000930
3471 0.000929
3472 0.000927
3473 0.000925
3474 0.000924
3475 0.000922
3476 0.000921
3477 0.000919
3478 0.000917
3479 0.000916
3480 0.000914
3481 0.000913
3482 0.000911
3483 0.000910
3484 0.000908
3485 0.000906
3486 0.000905
3487 0.000903
3488 0.000902
3489 0.000900
3490 0.000899
3491 0.000897
3492 0.000896
3493 0.000894
3494 0.000892
3495 0.000891
3496 0.000889
3497 0.000888
3498 0.000886
3499 0.000885
3500 0.000883
3501 0.000882
3502 0.000880
3503 0.000879
3504 0.000877
3505 0.000876
3506 0.000874
3507 0.000873
3508 0.000871
3509 0.000870
3510 0.000868
3511 0.000867
3512 0.000865
3513 0.000864
3514 0.000862
3515 0.000861
3516 0.000859
3517 0.000858
3518 0.000856
3519 0.000855
3520 0.000853
3521 0.000852
3522 0.000850
3523 0.000849
3524 0.000847
3525 0.000846
3526 0.000845
3527 0.000843
3528 0.000842
3529 0.000840
3530 0.000839
3531 0.000837
3532 0.000836
3533 0.000834
3534 0.000833
3535 0.000832
3536 0.000830
3537 0.000829
3538 0.000827
3539 0.000826
3540 0.000824
3541 0.000823
3542 0.000822
3543 0.000820
3544 0.000819
3545 0.000817
3546 0.000816
3547 0.000815
3548 0.000813
3549 0.000812
3550 0.000810
3551 0.000809
3552 0.000808
3553 0.000806
3554 0.000805
3555 0.000803
3556 0.000802
3557 0.000801
3558 0.000799
3559 0.000798
3560 0.000796
3561 0.000795
3562 0.000794
3563 0.000792
3564 0.000791
3565 0.000790
3566 0.000788
3567 0.000787
3568 0.000786
3569 0.000784
3570 0.000783
3571 0.000782
3572 0.000780
3573 0.000779
3574 0.000778
3575 0.000776
3576 0.000775
3577 0.000773
3578 0.000772
3579 0.000771
3580 0.000770
3581 0.000768
3582 0.000767
3583 0.000766
3584 0.000764
3585 0.000763
3586 0.000762
3587 0.000760
3588 0.000759
3589 0.000758
3590 0.000756
3591 0.000755
3592 0.000754
3593 0.000752
3594 0.000751
3595 0.000750
3596 0.000749
3597 0.000747
3598 0.000746
3599 0.000745
3600 0.000743
3601 0.000742
3602 0.000741
3603 0.000740
3604 0.000738
3605 0.000737
3606 0.000736
3607 0.000735
3608 0.000733
3609 0.000732
3610 0.000731
3611 0.000730
3612 0.000728
3613 0.000727
3614 0.000726
3615 0.000725
3616 0.000723
3617 0.000722
3618 0.000721
3619 0.000720
3620 0.000718
3621 0.000717
3622 0.000716
3623 0.000715
3624 0.000713
3625 0.000712
3626 0.000711
3627 0.000710
3628 0.000708
3629 0.000707
3630 0.000706
3631 0.000705
3632 0.000704
3633 0.000702
3634 0.000701
3635 0.000700
3636 0.000699
3637 0.000698
3638 0.000696
3639 0.000695
3640 0.000694
3641 0.000693
3642 0.000692
3643 0.000690
3644 0.000689
3645 0.000688
3646 0.000687
3647 0.000686
3648 0.000684
3649 0.000683
3650 0.000682
3651 0.000681
3652 0.000680
3653 0.000679
3654 0.000677
3655 0.000676
3656 0.000675
3657 0.000674
3658 0.000673
3659 0.000672
3660 0.000671
3661 0.000669
3662 0.000668
3663 0.000667
3664 0.000666
3665 0.000665
3666 0.000664
3667 0.000662
3668 0.000661
3669 0.000660
3670 0.000659
3671 0.000658
3672 0.000657
3673 0.000656
3674 0.000655
3675 0.000653
3676 0.000652
3677 0.000651
3678 0.000650
3679 0.000649
3680 0.000648
3681 0.000647
3682 0.000646
3683 0.000644
3684 0.000643
3685 0.000642
3686 0.000641
3687 0.000640
3688 0.000639
3689 0.000638
3690 0.000637
3691 0.000636
3692 0.000635
3693 0.000633
3694 0.000632
3695 0.000631
3696 0.000630
3697 0.000629
3698 0.000628
3699 0.000627
3700 0.000626
3701 0.000625
3702 0.000624
3703 0.000623
3704 0.000622
3705 0.000621
3706 0.000619
3707 0.000618
3708 0.000617
3709 0.000616
3710 0.000615
3711 0.000614
3712 0.000613
3713 0.000612
3714 0.000611
3715 0.000610
3716 0.000609
3717 0.000608
3718 0.000607
3719 0.000606
3720 0.000605
3721 0.000604
3722 0.000603
3723 0.000602
3724 0.000601
3725 0.000600
3726 0.000599
3727 0.000598
3728 0.000596
3729 0.000595
3730 0.000594
3731 0.000593
3732 0.000592
3733 0.000591
3734 0.000590
3735 0.000589
3736 0.000588
3737 0.000587
3738 0.000586
3739 0.000585
3740 0.000584
3741 0.000583
3742 0.000582
3743 0.000581
3744 0.000580
3745 0.000579
3746 0.000578
3747 0.000577
3748 0.000576
3749 0.000575
3750 0.000574
3751 0.000573
3752 0.000572
3753 0.000571
3754 0.000570
3755 0.000569
3756 0.000568
3757 0.000567
3758 0.000567
3759 0.000566
3760 0.000565
3761 0.000564
3762 0.000563
3763 0.000562
3764 0.000561
3765 0.000560
3766 0.000559
3767 0.000558
3768 0.000557
3769 0.000556
3770 0.000555
3771 0.000554
3772 0.000553
3773 0.000552
3774 0.000551
3775 0.000550
3776 0.000549
3777 0.000548
3778 0.000547
3779 0.000546
3780 0.000545
3781 0.000545
3782 0.000544
3783 0.000543
3784 0.000542
3785 0.000541
3786 0.000540
3787 0.000539
3788 0.000538
3789 0.000537
3790 0.000536
3791 0.000535
3792 0.000534
3793 0.000533
3794 0.000533
3795 0.000532
3796 0.000531
3797 0.000530
3798 0.000529
3799 0.000528
3800 0.000527
3801 0.000526
3802 0.000525
3803 0.000524
3804 0.000523
3805 0.000523
3806 0.000522
3807 0.000521
3808 0.000520
3809 0.000519
3810 0.000518
3811 0.000517
3812 0.000516
3813 0.000515
3814 0.000515
3815 0.000514
3816 0.000513
3817 0.000512
3818 0.000511
3819 0.000510
3820 0.000509
3821 0.000508
3822 0.000508
3823 0.000507
3824 0.000506
3825 0.000505
3826 0.000504
3827 0.000503
3828 0.000502
3829 0.000501
3830 0.000501
3831 0.000500
3832 0.000499
3833 0.000498
3834 0.000497
3835 0.000496
3836 0.000495
3837 0.000495
3838 0.000494
3839 0.000493
3840 0.000492
3841 0.000491
3842 0.000490
3843 0.000490
3844 0.000489
3845 0.000488
3846 0.000487
3847 0.000486
3848 0.000485
3849 0.000485
3850 0.000484
3851 0.000483
3852 0.000482
3853 0.000481
3854 0.000480
3855 0.000480
3856 0.000479
3857 0.000478
3858 0.000477
3859 0.000476
3860 0.000475
3861 0.000475
3862 0.000474
3863 0.000473
3864 0.000472
3865 0.000471
3866 0.000471
3867 0.000470
3868 0.000469
3869 0.000468
3870 0.000467
3871 0.000467
3872 0.000466
3873 0.000465
3874 0.000464
3875 0.000463
3876 0.000463
3877 0.000462
3878 0.000461
3879 0.000460
3880 0.000459
3881 0.000459
3882 0.000458
3883 0.000457
3884 0.000456
3885 0.000455
3886 0.000455
3887 0.000454
3888 0.000453
3889 0.000452
3890 0.000452
3891 0.000451
3892 0.000450
3893 0.000449
3894 0.000448
3895 0.000448
3896 0.000447
3897 0.000446
3898 0.000445
3899 0.000445
3900 0.000444
3901 0.000443
3902 0.000442
3903 0.000442
3904 0.000441
3905 0.000440
3906 0.000439
3907 0.000439
3908 0.000438
3909 0.000437
3910 0.000436
3911 0.000436
3912 0.000435
3913 0.000434
3914 0.000433
3915 0.000433
3916 0.000432
3917 0.000431
3918 0.000430
3919 0.000430
3920 0.000429
3921 0.000428
3922 0.000427
3923 0.000427
3924 0.000426
3925 0.000425
3926 0.000425
3927 0.000424
3928 0.000423
3929 0.000422
3930 0.000422
3931 0.000421
3932 0.000420
3933 0.000419
3934 0.000419
3935 0.000418
3936 0.000417
3937 0.000417
3938 0.000416
3939 0.000415
3940 0.000414
3941 0.000414
3942 0.000413
3943 0.000412
3944 0.000412
3945 0.000411
3946 0.000410
3947 0.000409
3948 0.000409
3949 0.000408
3950 0.000407
3951 0.000407
3952 0.000406
3953 0.000405
3954 0.000405
3955 0.000404
3956 0.000403
3957 0.000403
3958 0.000402
3959 0.000401
3960 0.000400
3961 0.000400
3962 0.000399
3963 0.000398
3964 0.000398
3965 0.000397
3966 0.000396
3967 0.000396
3968 0.000395
3969 0.000394
3970 0.000394
3971 0.000393
3972 0.000392
3973 0.000392
3974 0.000391
3975 0.000390
3976 0.000390
3977 0.000389
3978 0.000388
3979 0.000388
3980 0.000387
3981 0.000386
3982 0.000386
3983 0.000385
3984 0.000384
3985 0.000384
3986 0.000383
3987 0.000382
3988 0.000382
3989 0.000381
3990 0.000380
3991 0.000380
3992 0.000379
3993 0.000378
3994 0.000378
3995 0.000377
3996 0.000376
3997 0.000376
3998 0.000375
3999 0.000375
4000 0.000374
4001 0.000373
4002 0.000373
4003 0.000372
4004 0.000371
4005 0.000371
4006 0.000370
4007 0.000369
4008 0.000369
4009 0.000368
4010 0.000368
4011 0.000367
4012 0.000366
4013 0.000366
4014 0.000365
4015 0.000364
4016 0.000364
4017 0.000363
4018 0.000363
4019 0.000362
4020 0.000361
4021 0.000361
4022 0.000360
4023 0.000359
4024 0.000359
4025 0.000358
4026 0.000358
4027 0.000357
4028 0.000356
4029 0.000356
4030 0.000355
4031 0.000355
4032 0.000354
4033 0.000353
4034 0.000353
4035 0.000352
4036 0.000352
4037 0.000351
4038 0.000350
4039 0.000350
4040 0.000349
4041 0.000349
4042 0.000348
4043 0.000347
4044 0.000347
4045 0.000346
4046 0.000346
4047 0.000345
4048 0.000344
4049 0.000344
4050 0.000343
4051 0.000343
4052 0.000342
4053 0.000341
4054 0.000341
4055 0.000340
4056 0.000340
4057 0.000339
4058 0.000339
4059 0.000338
4060 0.000337
4061 0.000337
4062 0.000336
4063 0.000336
4064 0.000335
4065 0.000334
4066 0.000334
4067 0.000333
4068 0.000333
4069 0.000332
4070 0.000332
4071 0.000331
4072 0.000330
4073 0.000330
4074 0.000329
4075 0.000329
4076 0.000328
4077 0.000328
4078 0.000327
4079 0.000327
4080 0.000326
4081 0.000325
4082 0.000325
4083 0.000324
4084 0.000324
4085 0.000323
4086 0.000323
4087 0.000322
4088 0.000322
4089 0.000321
4090 0.000320
4091 0.000320
4092 0.000319
4093 0.000319
4094 0.000318
4095 0.000318
4096 0.000317
4097 0.000317
4098 0.000316
4099 0.000316
4100 0.000315
4101 0.000314
4102 0.000314
4103 0.000313
4104 0.000313
4105 0.000312
4106 0.000312
4107 0.000311
4108 0.000311
4109 0.000310
4110 0.000310
4111 0.000309
4112 0.000309
4113 0.000308
4114 0.000308
4115 0.000307
4116 0.000306
4117 0.000306
4118 0.000305
4119 0.000305
4120 0.000304
4121 0.000304
4122 0.000303
4123 0.000303
4124 0.000302
4125 0.000302
4126 0.000301
4127 0.000301
4128 0.000300
4129 0.000300
4130 0.000299
4131 0.000299
4132 0.000298
4133 0.000298
4134 0.000297
4135 0.000297
4136 0.000296
4137 0.000296
4138 0.000295
4139 0.000295
4140 0.000294
4141 0.000294
4142 0.000293
4143 0.000293
4144 0.000292
4145 0.000292
4146 0.000291
4147 0.000291
4148 0.000290
4149 0.000290
4150 0.000289
4151 0.000289
4152 0.000288
4153 0.000288
4154 0.000287
4155 0.000287
4156 0.000286
4157 0.000286
4158 0.000285
4159 0.000285
4160 0.000284
4161 0.000284
4162 0.000283
4163 0.000283
4164 0.000282
4165 0.000282
4166 0.000281
4167 0.000281
4168 0.000280
4169 0.000280
4170 0.000279
4171 0.000279
4172 0.000278
4173 0.000278
4174 0.000277
4175 0.000277
4176 0.000277
4177 0.000276
4178 0.000276
4179 0.000275
4180 0.000275
4181 0.000274
4182 0.000274
4183 0.000273
4184 0.000273
4185 0.000272
4186 0.000272
4187 0.000271
4188 0.000271
4189 0.000270
4190 0.000270
4191 0.000270
4192 0.000269
4193 0.000269
4194 0.000268
4195 0.000268
4196 0.000267
4197 0.000267
4198 0.000266
4199 0.000266
4200 0.000265
4201 0.000265
4202 0.000265
4203 0.000264
4204 0.000264
4205 0.000263
4206 0.000263
4207 0.000262
4208 0.000262
4209 0.000261
4210 0.000261
4211 0.000260
4212 0.000260
4213 0.000260
4214 0.000259
4215 0.000259
4216 0.000258
4217 0.000258
4218 0.000257
4219 0.000257
4220 0.000256
4221 0.000256
4222 0.000256
4223 0.000255
4224 0.000255
4225 0.000254
4226 0.000254
4227 0.000253
4228 0.000253
4229 0.000253
4230 0.000252
4231 0.000252
4232 0.000251
4233 0.000251
4234 0.000250
4235 0.000250
4236 0.000250
4237 0.000249
4238 0.000249
4239 0.000248
4240 0.000248
4241 0.000247
4242 0.000247
4243 0.000247
4244 0.000246
4245 0.000246
4246 0.000245
4247 0.000245
4248 0.000244
4249 0.000244
4250 0.000244
4251 0.000243
4252 0.000243
4253 0.000242
4254 0.000242
4255 0.000242
4256 0.000241
4257 0.000241
4258 0.000240
4259 0.000240
4260 0.000240
4261 0.000239
4262 0.000239
4263 0.000238
4264 0.000238
4265 0.000237
4266 0.000237
4267 0.000237
4268 0.000236
4269 0.000236
4270 0.000235
4271 0.000235
4272 0.000235
4273 0.000234
4274 0.000234
4275 0.000233
4276 0.000233
4277 0.000233
4278 0.000232
4279 0.000232
4280 0.000231
4281 0.000231
4282 0.000231
4283 0.000230
4284 0.000230
4285 0.000229
4286 0.000229
4287 0.000229
4288 0.000228
4289 0.000228
4290 0.000228
4291 0.000227
4292 0.000227
4293 0.000226
4294 0.000226
4295 0.000226
4296 0.000225
4297 0.000225
4298 0.000224
4299 0.000224
4300 0.000224
4301 0.000223
4302 0.000223
4303 0.000223
4304 0.000222
4305 0.000222
4306 0.000221
4307 0.000221
4308 0.000221
4309 0.000220
4310 0.000220
4311 0.000219
4312 0.000219
4313 0.000219
4314 0.000218
4315 0.000218
4316 0.000218
4317 0.000217
4318 0.000217
4319 0.000217
4320 0.000216
4321 0.000216
4322 0.000215
4323 0.000215
4324 0.000215
4325 0.000214
4326 0.000214
4327 0.000214
4328 0.000213
4329 0.000213
4330 0.000212
4331 0.000212
4332 0.000212
4333 0.000211
4334 0.000211
4335 0.000211
4336 0.000210
4337 0.000210
4338 0.000210
4339 0.000209
4340 0.000209
4341 0.000209
4342 0.000208
4343 0.000208
4344 0.000207
4345 0.000207
4346 0.000207
4347 0.000206
4348 0.000206
4349 0.000206
4350 0.000205
4351 0.000205
4352 0.000205
4353 0.000204
4354 0.000204
4355 0.000204
4356 0.000203
4357 0.000203
4358 0.000203
4359 0.000202
4360 0.000202
4361 0.000202
4362 0.000201
4363 0.000201
4364 0.000200
4365 0.000200
4366 0.000200
4367 0.000199
4368 0.000199
4369 0.000199
4370 0.000198
4371 0.000198
4372 0.000198
4373 0.000197
4374 0.000197
4375 0.000197
4376 0.000196
4377 0.000196
4378 0.000196
4379 0.000195
4380 0.000195
4381 0.000195
4382 0.000194
4383 0.000194
4384 0.000194
4385 0.000193
4386 0.000193
4387 0.000193
4388 0.000192
4389 0.000192
4390 0.000192
4391 0.000191
4392 0.000191
4393 0.000191
4394 0.000190
4395 0.000190
4396 0.000190
4397 0.000189
4398 0.000189
4399 0.000189
4400 0.000189
4401 0.000188
4402 0.000188
4403 0.000188
4404 0.000187
4405 0.000187
4406 0.000187
4407 0.000186
4408 0.000186
4409 0.000186
4410 0.000185
4411 0.000185
4412 0.000185
4413 0.000184
4414 0.000184
4415 0.000184
4416 0.000183
4417 0.000183
4418 0.000183
4419 0.000182
4420 0.000182
4421 0.000182
4422 0.000182
4423 0.000181
4424 0.000181
4425 0.000181
4426 0.000180
4427 0.000180
4428 0.000180
4429 0.000179
4430 0.000179
4431 0.000179
4432 0.000178
4433 0.000178
4434 0.000178
4435 0.000178
4436 0.000177
4437 0.000177
4438 0.000177
4439 0.000176
4440 0.000176
4441 0.000176
4442 0.000175
4443 0.000175
4444 0.000175
4445 0.000175
4446 0.000174
4447 0.000174
4448 0.000174
4449 0.000173
4450 0.000173
4451 0.000173
4452 0.000172
4453 0.000172
4454 0.000172
4455 0.000172
4456 0.000171
4457 0.000171
4458 0.000171
4459 0.000170
4460 0.000170
4461 0.000170
4462 0.000170
4463 0.000169
4464 0.000169
4465 0.000169
4466 0.000168
4467 0.000168
4468 0.000168
4469 0.000168
4470 0.000167
4471 0.000167
4472 0.000167
4473 0.000166
4474 0.000166
4475 0.000166
4476 0.000166
4477 0.000165
4478 0.000165
4479 0.000165
4480 0.000164
4481 0.000164
4482 0.000164
4483 0.000164
4484 0.000163
4485 0.000163
4486 0.000163
4487 0.000162
4488 0.000162
4489 0.000162
4490 0.000162
4491 0.000161
4492 0.000161
4493 0.000161
4494 0.000161
4495 0.000160
4496 0.000160
4497 0.000160
4498 0.000159
4499 0.000159
4500 0.000159
4501 0.000159
4502 0.000158
4503 0.000158
4504 0.000158
4505 0.000158
4506 0.000157
4507 0.000157
4508 0.000157
4509 0.000156
4510 0.000156
4511 0.000156
4512 0.000156
4513 0.000155
4514 0.000155
4515 0.000155
4516 0.000155
4517 0.000154
4518 0.000154
4519 0.000154
4520 0.000154
4521 0.000153
4522 0.000153
4523 0.000153
4524 0.000153
4525 0.000152
4526 0.000152
4527 0.000152
4528 0.000151
4529 0.000151
4530 0.000151
4531 0.000151
4532 0.000150
4533 0.000150
4534 0.000150
4535 0.000150
4536 0.000149
4537 0.000149
4538 0.000149
4539 0.000149
4540 0.000148
4541 0.000148
4542 0.000148
4543 0.000148
4544 0.000147
4545 0.000147
4546 0.000147
4547 0.000147
4548 0.000146
4549 0.000146
4550 0.000146
4551 0.000146
4552 0.000145
4553 0.000145
4554 0.000145
4555 0.000145
4556 0.000144
4557 0.000144
4558 0.000144
4559 0.000144
4560 0.000143
4561 0.000143
4562 0.000143
4563 0.000143
4564 0.000142
4565 0.000142
4566 0.000142
4567 0.000142
4568 0.000141
4569 0.000141
4570 0.000141
4571 0.000141
4572 0.000141
4573 0.000140
4574 0.000140
4575 0.000140
4576 0.000140
4577 0.000139
4578 0.000139
4579 0.000139
4580 0.000139
4581 0.000138
4582 0.000138
4583 0.000138
4584 0.000138
4585 0.000137
4586 0.000137
4587 0.000137
4588 0.000137
4589 0.000136
4590 0.000136
4591 0.000136
4592 0.000136
4593 0.000136
4594 0.000135
4595 0.000135
4596 0.000135
4597 0.000135
4598 0.000134
4599 0.000134
4600 0.000134
4601 0.000134
4602 0.000134
4603 0.000133
4604 0.000133
4605 0.000133
4606 0.000133
4607 0.000132
4608 0.000132
4609 0.000132
4610 0.000132
4611 0.000131
4612 0.000131
4613 0.000131
4614 0.000131
4615 0.000131
4616 0.000130
4617 0.000130
4618 0.000130
4619 0.000130
4620 0.000129
4621 0.000129
4622 0.000129
4623 0.000129
4624 0.000129
4625 0.000128
4626 0.000128
4627 0.000128
4628 0.000128
4629 0.000127
4630 0.000127
4631 0.000127
4632 0.000127
4633 0.000127
4634 0.000126
4635 0.000126
4636 0.000126
4637 0.000126
4638 0.000126
4639 0.000125
4640 0.000125
4641 0.000125
4642 0.000125
4643 0.000124
4644 0.000124
4645 0.000124
4646 0.000124
4647 0.000124
4648 0.000123
4649 0.000123
4650 0.000123
4651 0.000123
4652 0.000123
4653 0.000122
4654 0.000122
4655 0.000122
4656 0.000122
4657 0.000122
4658 0.000121
4659 0.000121
4660 0.000121
4661 0.000121
4662 0.000121
4663 0.000120
4664 0.000120
4665 0.000120
4666 0.000120
4667 0.000119
4668 0.000119
4669 0.000119
4670 0.000119
4671 0.000119
4672 0.000118
4673 0.000118
4674 0.000118
4675 0.000118
4676 0.000118
4677 0.000117
4678 0.000117
4679 0.000117
4680 0.000117
4681 0.000117
4682 0.000116
4683 0.000116
4684 0.000116
4685 0.000116
4686 0.000116
4687 0.000115
4688 0.000115
4689 0.000115
4690 0.000115
4691 0.000115
4692 0.000114
4693 0.000114
4694 0.000114
4695 0.000114
4696 0.000114
4697 0.000114
4698 0.000113
4699 0.000113
4700 0.000113
4701 0.000113
4702 0.000113
4703 0.000112
4704 0.000112
4705 0.000112
4706 0.000112
4707 0.000112
4708 0.000111
4709 0.000111
4710 0.000111
4711 0.000111
4712 0.000111
4713 0.000110
4714 0.000110
4715 0.000110
4716 0.000110
4717 0.000110
4718 0.000110
4719 0.000109
4720 0.000109
4721 0.000109
4722 0.000109
4723 0.000109
4724 0.000108
4725 0.000108
4726 0.000108
4727 0.000108
4728 0.000108
4729 0.000107
4730 0.000107
4731 0.000107
4732 0.000107
4733 0.000107
4734 0.000107
4735 0.000106
4736 0.000106
4737 0.000106
4738 0.000106
4739 0.000106
4740 0.000105
4741 0.000105
4742 0.000105
4743 0.000105
4744 0.000105
4745 0.000105
4746 0.000104
4747 0.000104
4748 0.000104
4749 0.000104
4750 0.000104
4751 0.000104
4752 0.000103
4753 0.000103
4754 0.000103
4755 0.000103
4756 0.000103
4757 0.000102
4758 0.000102
4759 0.000102
4760 0.000102
4761 0.000102
4762 0.000102
4763 0.000101
4764 0.000101
4765 0.000101
4766 0.000101
4767 0.000101
4768 0.000101
4769 0.000100
4770 0.000100
4771 0.000100
4772 0.000100
