0.000000e+00
0.000000e+00
0.000000e+00
0.000000e+00
0.000000e+00
0.000000e+00
0.000000e+00
0.000000e+00
0.000000e+00
0.000000e+00
0.000000e+00
0.000000e+00
0.000000e+00
0.000000e+00
0.000000e+00
0.000000e+00
0.000000e+00
0.000000e+00
0.000000e+00
0.000000e+00
0.000000e+00
0.000000e+00
0.000000e+00
0.000000e+00
0.000000e+00
0.000000e+00
0.000000e+00
0.000000e+00
0.000000e+00
0.000000e+00
0.000000e+00
0.000000e+00
0.000000e+00
0.000000e+00
0.000000e+00
0.000000e+00
0.000000e+00
0.000000e+00
0.000000e+00
0.000000e+00
0.000000e+00
0.000000e+00
0.000000e+00
0.000000e+00
0.000000e+00
0.000000e+00
0.000000e+00
0.000000e+00
0.000000e+00
0.000000e+00
0.000000e+00
0.000000e+00
0.000000e+00
0.000000e+00
0.000000e+00
0.000000e+00
0.000000e+00
0.000000e+00
0.000000e+00
0.000000e+00
0.000000e+00
0.000000e+00
0.000000e+00
0.000000e+00
0.000000e+00
0.000000e+00
0.000000e+00
0.000000e+00
0.000000e+00
0.000000e+00
0.000000e+00
0.000000e+00
0.000000e+00
0.000000e+00
0.000000e+00
0.000000e+00
0.000000e+00
0.000000e+00
0.000000e+00
0.000000e+00
0.000000e+00
0.000000e+00
0.000000e+00
0.000000e+00
0.000000e+00
0.000000e+00
0.000000e+00
0.000000e+00
0.000000e+00
0.000000e+00
0.000000e+00
0.000000e+00
0.000000e+00
0.000000e+00
0.000000e+00
0.000000e+00
0.000000e+00
0.000000e+00
0.000000e+00
0.000000e+00
0.000000e+00
0.000000e+00
0.000000e+00
0.000000e+00
0.000000e+00
0.000000e+00
0.000000e+00
0.000000e+00
0.000000e+00
0.000000e+00
0.000000e+00
0.000000e+00
0.000000e+00
0.000000e+00
0.000000e+00
0.000000e+00
0.000000e+00
0.000000e+00
0.000000e+00
0.000000e+00
0.000000e+00
0.000000e+00
0.000000e+00
0.000000e+00
0.000000e+00
0.000000e+00
0.000000e+00
0.000000e+00
0.000000e+00
0.000000e+00
0.000000e+00
0.000000e+00
0.000000e+00
0.000000e+00
0.000000e+00
0.000000e+00
0.000000e+00
0.000000e+00
0.000000e+00
0.000000e+00
0.000000e+00
0.000000e+00
0.000000e+00
0.000000e+00
0.000000e+00
0.000000e+00
0.000000e+00
0.000000e+00
0.000000e+00
0.000000e+00
0.000000e+00
0.000000e+00
0.000000e+00
0.000000e+00
0.000000e+00
0.000000e+00
0.000000e+00
0.000000e+00
0.000000e+00
0.000000e+00
0.000000e+00
0.000000e+00
0.000000e+00
0.000000e+00
0.000000e+00
0.000000e+00
0.000000e+00
0.000000e+00
0.000000e+00
0.000000e+00
0.000000e+00
0.000000e+00
0.000000e+00
0.000000e+00
0.000000e+00
0.000000e+00
0.000000e+00
0.000000e+00
0.000000e+00
0.000000e+00
0.000000e+00
0.000000e+00
0.000000e+00
0.000000e+00
0.000000e+00
0.000000e+00
0.000000e+00
0.000000e+00
0.000000e+00
0.000000e+00
0.000000e+00
0.000000e+00
0.000000e+00
0.000000e+00
0.000000e+00
0.000000e+00
0.000000e+00
0.000000e+00
0.000000e+00
0.000000e+00
0.000000e+00
0.000000e+00
0.000000e+00
0.000000e+00
0.000000e+00
0.000000e+00
0.000000e+00
0.000000e+00
0.000000e+00
0.000000e+00
0.000000e+00
0.000000e+00
0.000000e+00
0.000000e+00
0.000000e+00
0.000000e+00
0.000000e+00
0.000000e+00
0.000000e+00
0.000000e+00
0.000000e+00
0.000000e+00
0.000000e+00
0.000000e+00
0.000000e+00
0.000000e+00
0.000000e+00
0.000000e+00
0.000000e+00
0.000000e+00
0.000000e+00
0.000000e+00
0.000000e+00
0.000000e+00
0.000000e+00
0.000000e+00
0.000000e+00
0.000000e+00
0.000000e+00
0.000000e+00
0.000000e+00
0.000000e+00
0.000000e+00
0.000000e+00
0.000000e+00
0.000000e+00
0.000000e+00
0.000000e+00
0.000000e+00
0.000000e+00
0.000000e+00
0.000000e+00
0.000000e+00
0.000000e+00
0.000000e+00
0.000000e+00
0.000000e+00
0.000000e+00
0.000000e+00
0.000000e+00
0.000000e+00
0.000000e+00
0.000000e+00
0.000000e+00
0.000000e+00
0.000000e+00
0.000000e+00
0.000000e+00
0.000000e+00
0.000000e+00
0.000000e+00
0.000000e+00
0.000000e+00
0.000000e+00
0.000000e+00
0.000000e+00
0.000000e+00
0.000000e+00
0.000000e+00
0.000000e+00
0.000000e+00
0.000000e+00
0.000000e+00
0.000000e+00
0.000000e+00
0.000000e+00
0.000000e+00
0.000000e+00
0.000000e+00
0.000000e+00
0.000000e+00
0.000000e+00
0.000000e+00
0.000000e+00
0.000000e+00
0.000000e+00
0.000000e+00
0.000000e+00
0.000000e+00
0.000000e+00
0.000000e+00
0.000000e+00
0.000000e+00
0.000000e+00
0.000000e+00
0.000000e+00
0.000000e+00
0.000000e+00
0.000000e+00
0.000000e+00
0.000000e+00
0.000000e+00
0.000000e+00
0.000000e+00
0.000000e+00
0.000000e+00
0.000000e+00
0.000000e+00
0.000000e+00
0.000000e+00
0.000000e+00
0.000000e+00
0.000000e+00
0.000000e+00
0.000000e+00
0.000000e+00
0.000000e+00
0.000000e+00
0.000000e+00
0.000000e+00
0.000000e+00
0.000000e+00
0.000000e+00
0.000000e+00
0.000000e+00
0.000000e+00
0.000000e+00
0.000000e+00
0.000000e+00
0.000000e+00
0.000000e+00
0.000000e+00
0.000000e+00
0.000000e+00
0.000000e+00
0.000000e+00
0.000000e+00
0.000000e+00
0.000000e+00
0.000000e+00
0.000000e+00
0.000000e+00
0.000000e+00
0.000000e+00
0.000000e+00
0.000000e+00
0.000000e+00
0.000000e+00
0.000000e+00
0.000000e+00
0.000000e+00
0.000000e+00
0.000000e+00
0.000000e+00
0.000000e+00
0.000000e+00
0.000000e+00
0.000000e+00
0.000000e+00
0.000000e+00
0.000000e+00
0.000000e+00
0.000000e+00
0.000000e+00
0.000000e+00
0.000000e+00
0.000000e+00
0.000000e+00
0.000000e+00
0.000000e+00
0.000000e+00
0.000000e+00
0.000000e+00
0.000000e+00
0.000000e+00
0.000000e+00
0.000000e+00
0.000000e+00
0.000000e+00
0.000000e+00
0.000000e+00
0.000000e+00
0.000000e+00
0.000000e+00
0.000000e+00
0.000000e+00
0.000000e+00
0.000000e+00
0.000000e+00
0.000000e+00
0.000000e+00
0.000000e+00
0.000000e+00
0.000000e+00
0.000000e+00
0.000000e+00
0.000000e+00
0.000000e+00
0.000000e+00
0.000000e+00
0.000000e+00
0.000000e+00
0.000000e+00
0.000000e+00
0.000000e+00
0.000000e+00
0.000000e+00
0.000000e+00
0.000000e+00
0.000000e+00
9.976303e-01
1.992908e+00
2.985849e+00
3.976471e+00
4.964789e+00
5.950820e+00
6.934579e+00
7.916084e+00
8.895349e+00
9.872390e+00
1.084722e+01
1.181986e+01
1.279032e+01
1.375862e+01
1.472477e+01
1.568879e+01
1.665068e+01
1.761048e+01
1.856818e+01
1.952381e+01
1.947964e+01
1.943567e+01
1.939189e+01
1.934831e+01
1.930493e+01
1.926174e+01
1.921875e+01
1.917595e+01
1.913333e+01
1.909091e+01
1.904867e+01
1.900662e+01
1.896476e+01
1.892308e+01
1.888158e+01
1.884026e+01
1.879913e+01
1.875817e+01
1.871739e+01
1.867679e+01
1.863636e+01
1.859611e+01
1.855603e+01
1.851613e+01
1.847639e+01
1.843683e+01
1.839744e+01
1.835821e+01
1.831915e+01
1.828025e+01
1.824153e+01
1.820296e+01
1.816456e+01
1.812632e+01
1.808824e+01
1.805031e+01
1.801255e+01
1.797495e+01
1.793750e+01
1.790021e+01
1.786307e+01
1.782609e+01
1.778926e+01
1.775258e+01
1.771605e+01
1.767967e+01
1.764344e+01
1.760736e+01
1.757143e+01
1.753564e+01
1.750000e+01
1.746450e+01
1.742915e+01
1.739394e+01
1.735887e+01
1.732394e+01
1.728916e+01
1.725451e+01
1.722000e+01
1.718563e+01
1.715139e+01
1.711730e+01
1.708333e+01
1.704950e+01
1.701581e+01
1.698225e+01
1.694882e+01
1.691552e+01
1.688235e+01
1.684932e+01
1.681641e+01
1.678363e+01
1.675097e+01
1.671845e+01
1.668605e+01
1.665377e+01
1.662162e+01
1.658960e+01
1.655769e+01
1.652591e+01
1.649425e+01
1.646272e+01
1.643130e+01
1.640000e+01
1.636882e+01
1.633776e+01
1.630682e+01
1.627599e+01
1.624528e+01
1.621469e+01
1.618421e+01
1.615385e+01
1.612360e+01
1.609346e+01
1.606343e+01
1.603352e+01
1.600372e+01
1.597403e+01
1.594444e+01
1.591497e+01
1.588561e+01
1.585635e+01
1.582721e+01
1.579817e+01
1.576923e+01
1.574040e+01
1.571168e+01
1.568306e+01
1.565455e+01
1.562613e+01
1.559783e+01
1.556962e+01
1.554152e+01
1.551351e+01
1.548561e+01
1.545781e+01
1.543011e+01
1.540250e+01
1.537500e+01
1.534759e+01
1.532028e+01
1.529307e+01
1.526596e+01
1.523894e+01
1.521201e+01
1.518519e+01
1.515845e+01
1.513181e+01
1.510526e+01
1.507881e+01
1.505245e+01
1.502618e+01
1.500000e+01
1.497391e+01
1.494792e+01
1.492201e+01
1.489619e+01
1.487047e+01
1.484483e+01
1.481928e+01
1.479381e+01
1.476844e+01
1.474315e+01
1.471795e+01
1.469283e+01
1.466780e+01
1.464286e+01
1.461800e+01
1.459322e+01
1.456853e+01
1.454392e+01
1.451939e+01
1.449495e+01
1.447059e+01
1.444631e+01
1.442211e+01
1.439799e+01
1.437396e+01
1.435000e+01
1.432612e+01
1.430233e+01
1.427861e+01
1.425497e+01
1.423140e+01
1.420792e+01
1.418451e+01
1.416118e+01
1.413793e+01
1.411475e+01
1.409165e+01
1.406863e+01
1.404568e+01
1.402280e+01
1.400000e+01
1.397727e+01
1.395462e+01
1.393204e+01
1.390953e+01
1.388710e+01
1.386473e+01
1.384244e+01
1.382022e+01
1.379808e+01
1.377600e+01
1.375399e+01
1.373206e+01
1.371019e+01
1.368839e+01
1.366667e+01
1.364501e+01
1.362342e+01
1.360190e+01
1.358044e+01
1.355906e+01
1.353774e+01
1.351648e+01
1.349530e+01
1.347418e+01
1.345312e+01
1.343214e+01
1.341121e+01
1.339036e+01
1.336957e+01
1.334884e+01
1.332817e+01
1.330757e+01
1.328704e+01
1.326656e+01
1.324615e+01
1.322581e+01
1.320552e+01
1.318530e+01
1.316514e+01
1.314504e+01
1.312500e+01
1.310502e+01
1.308511e+01
1.306525e+01
1.304545e+01
1.302572e+01
1.300604e+01
1.298643e+01
1.296687e+01
1.294737e+01
1.292793e+01
1.290855e+01
1.288922e+01
1.286996e+01
1.285075e+01
1.283159e+01
1.281250e+01
1.279346e+01
1.277448e+01
1.275556e+01
1.273669e+01
1.271787e+01
1.269912e+01
1.268041e+01
1.266176e+01
1.264317e+01
1.262463e+01
1.260615e+01
1.258772e+01
1.256934e+01
1.255102e+01
1.253275e+01
1.251453e+01
1.249637e+01
1.247826e+01
1.246020e+01
1.244220e+01
1.242424e+01
1.240634e+01
1.238849e+01
1.237069e+01
1.235294e+01
1.233524e+01
1.231760e+01
1.230000e+01
1.228245e+01
1.226496e+01
1.224751e+01
1.223011e+01
1.221277e+01
1.219547e+01
1.217822e+01
1.216102e+01
1.214386e+01
1.212676e+01
1.210970e+01
1.209270e+01
1.207574e+01
1.205882e+01
1.204196e+01
1.202514e+01
1.200837e+01
1.199164e+01
1.197497e+01
1.195833e+01
1.194175e+01
1.192521e+01
1.190871e+01
1.189227e+01
1.187586e+01
1.185950e+01
1.184319e+01
1.182692e+01
1.181070e+01
1.179452e+01
1.177839e+01
1.176230e+01
1.174625e+01
1.173025e+01
1.171429e+01
1.169837e+01
1.168250e+01
1.166667e+01
1.165088e+01
1.163514e+01
1.161943e+01
1.160377e+01
1.158816e+01
1.157258e+01
1.155705e+01
1.154155e+01
1.152610e+01
1.151070e+01
1.149533e+01
1.148000e+01
1.146471e+01
1.144947e+01
1.143426e+01
1.141910e+01
1.140397e+01
1.138889e+01
1.137384e+01
1.135884e+01
1.134387e+01
1.132895e+01
1.131406e+01
1.129921e+01
1.128440e+01
1.126963e+01
1.125490e+01
1.124021e+01
1.122555e+01
1.121094e+01
1.119636e+01
1.118182e+01
1.116732e+01
1.115285e+01
1.113842e+01
1.112403e+01
1.110968e+01
1.109536e+01
1.108108e+01
1.106684e+01
1.105263e+01
1.103846e+01
1.102433e+01
1.101023e+01
1.099617e+01
1.098214e+01
1.096815e+01
1.095420e+01
1.094028e+01
1.092640e+01
1.091255e+01
1.089873e+01
1.088496e+01
1.087121e+01
1.085750e+01
1.084383e+01
1.083019e+01
1.081658e+01
1.080301e+01
1.078947e+01
1.077597e+01
1.076250e+01
1.074906e+01
1.073566e+01
1.072229e+01
1.070896e+01
1.069565e+01
1.068238e+01
1.066914e+01
1.065594e+01
1.064277e+01
1.062963e+01
1.061652e+01
1.060345e+01
1.059041e+01
1.057740e+01
1.056442e+01
1.055147e+01
1.053856e+01
1.052567e+01
1.051282e+01
1.050000e+01
1.048721e+01
1.047445e+01
1.046173e+01
1.044903e+01
1.043636e+01
1.042373e+01
1.041112e+01
1.039855e+01
1.038601e+01
1.037349e+01
1.036101e+01
1.034856e+01
1.033613e+01
1.032374e+01
1.031138e+01
1.029904e+01
1.028674e+01
1.027446e+01
1.026222e+01
1.025000e+01
1.023781e+01
1.022565e+01
1.021352e+01
1.020142e+01
1.018935e+01
1.017730e+01
1.016529e+01
1.015330e+01
1.014134e+01
1.012941e+01
1.011751e+01
1.010563e+01
1.009379e+01
1.008197e+01
1.007018e+01
1.005841e+01
1.004667e+01
1.003497e+01
1.002328e+01
1.001163e+01
1.000000e+01
9.988399e+00
9.976825e+00
9.965278e+00
9.953757e+00
9.942263e+00
9.930796e+00
9.919355e+00
9.907940e+00
9.896552e+00
9.885189e+00
9.873853e+00
9.862543e+00
9.851259e+00
9.840000e+00
9.828767e+00
9.817560e+00
9.806378e+00
9.795222e+00
9.784091e+00
9.772985e+00
9.761905e+00
9.750849e+00
9.739819e+00
9.728814e+00
9.717833e+00
9.706877e+00
9.695946e+00
9.685039e+00
9.674157e+00
9.663300e+00
9.652466e+00
9.641657e+00
9.630872e+00
9.620112e+00
9.609375e+00
9.598662e+00
9.587973e+00
9.577308e+00
9.566667e+00
9.556049e+00
9.545455e+00
9.534884e+00
9.524336e+00
9.513812e+00
9.503311e+00
9.492834e+00
9.482379e+00
9.471947e+00
9.461538e+00
9.451153e+00
9.440789e+00
9.430449e+00
9.420131e+00
9.409836e+00
9.399563e+00
9.389313e+00
9.379085e+00
9.368879e+00
9.358696e+00
9.348534e+00
9.338395e+00
9.328277e+00
9.318182e+00
9.308108e+00
9.298056e+00
9.288026e+00
9.278017e+00
9.268030e+00
9.258065e+00
9.248120e+00
9.238197e+00
9.228296e+00
9.218415e+00
9.208556e+00
9.198718e+00
9.188901e+00
9.179104e+00
9.169329e+00
9.159574e+00
9.149841e+00
9.140127e+00
9.130435e+00
9.120763e+00
9.111111e+00
9.101480e+00
9.091869e+00
9.082278e+00
9.072708e+00
9.063158e+00
9.053628e+00
9.044118e+00
9.034627e+00
9.025157e+00
9.015707e+00
9.006276e+00
8.996865e+00
8.987474e+00
8.978102e+00
8.968750e+00
8.959417e+00
8.950104e+00
8.940810e+00
8.931535e+00
8.922280e+00
8.913043e+00
8.903826e+00
8.894628e+00
8.885449e+00
8.876289e+00
8.867147e+00
8.858025e+00
8.848921e+00
8.839836e+00
8.830769e+00
8.821721e+00
8.812692e+00
8.803681e+00
8.794688e+00
8.785714e+00
8.776758e+00
8.767821e+00
8.758901e+00
8.750000e+00
8.741117e+00
8.732252e+00
8.723404e+00
8.714575e+00
8.705763e+00
8.696970e+00
8.688194e+00
8.679435e+00
8.670695e+00
8.661972e+00
8.653266e+00
8.644578e+00
8.635908e+00
8.627255e+00
8.618619e+00
8.610000e+00
8.601399e+00
