1.139860e+01
2.279720e+01
3.419580e+01
4.559441e+01
5.699301e+01
6.839161e+01
7.979021e+01
9.118881e+01
1.025874e+02
1.139860e+02
1.253846e+02
1.367832e+02
1.481818e+02
1.595804e+02
1.709790e+02
1.823776e+02
1.937762e+02
2.051748e+02
2.165734e+02
2.279720e+02
2.393706e+02
2.507692e+02
2.621678e+02
2.735664e+02
2.849650e+02
2.963636e+02
3.077622e+02
3.191608e+02
3.305594e+02
3.419580e+02
3.533566e+02
3.647552e+02
3.761538e+02
3.875524e+02
3.989510e+02
4.103497e+02
4.217483e+02
4.331469e+02
4.445455e+02
4.559441e+02
4.673427e+02
4.787413e+02
4.901399e+02
5.015385e+02
5.129371e+02
5.243357e+02
5.357343e+02
5.471329e+02
5.585315e+02
5.699301e+02
5.813287e+02
5.927273e+02
6.041259e+02
6.155245e+02
6.269231e+02
6.383217e+02
6.497203e+02
6.611189e+02
6.725175e+02
6.839161e+02
6.953147e+02
7.067133e+02
7.181119e+02
7.295105e+02
7.409091e+02
7.523077e+02
7.637063e+02
7.751049e+02
7.865035e+02
7.979021e+02
8.093007e+02
8.206993e+02
8.320979e+02
8.434965e+02
8.548951e+02
8.662937e+02
8.776923e+02
8.890909e+02
9.004895e+02
9.118881e+02
9.232867e+02
9.346853e+02
9.460839e+02
9.574825e+02
9.688811e+02
9.802797e+02
9.916783e+02
1.003077e+03
1.014476e+03
1.025874e+03
1.037273e+03
1.048671e+03
1.060070e+03
1.071469e+03
1.082867e+03
1.094266e+03
1.105664e+03
1.117063e+03
1.128462e+03
1.139860e+03
1.151259e+03
1.162657e+03
1.174056e+03
1.185455e+03
1.196853e+03
1.208252e+03
1.219650e+03
1.231049e+03
1.242448e+03
1.253846e+03
1.265245e+03
1.276643e+03
1.288042e+03
1.299441e+03
1.310839e+03
1.322238e+03
1.333636e+03
1.345035e+03
1.356434e+03
1.367832e+03
1.379231e+03
1.390629e+03
1.402028e+03
1.413427e+03
1.424825e+03
1.436224e+03
1.447622e+03
1.459021e+03
1.470420e+03
1.481818e+03
1.493217e+03
1.504615e+03
1.516014e+03
1.527413e+03
1.538811e+03
1.550210e+03
1.561608e+03
1.573007e+03
1.584406e+03
1.595804e+03
1.607203e+03
1.618601e+03
1.630000e+03
1.641399e+03
1.652797e+03
1.664196e+03
1.675594e+03
1.686993e+03
1.698392e+03
1.709790e+03
1.721189e+03
1.732587e+03
1.743986e+03
1.755385e+03
1.766783e+03
1.778182e+03
1.789580e+03
1.800979e+03
1.812378e+03
1.823776e+03
1.835175e+03
1.846573e+03
1.857972e+03
1.869371e+03
1.880769e+03
1.892168e+03
1.903566e+03
1.914965e+03
1.926364e+03
1.937762e+03
1.949161e+03
1.960559e+03
1.971958e+03
1.983357e+03
1.994755e+03
2.006154e+03
2.017552e+03
2.028951e+03
2.040350e+03
2.051748e+03
2.063147e+03
2.074545e+03
2.085944e+03
2.097343e+03
2.108741e+03
2.120140e+03
2.131538e+03
2.142937e+03
2.154336e+03
2.165734e+03
2.177133e+03
2.188531e+03
2.199930e+03
2.211329e+03
2.222727e+03
2.234126e+03
2.245524e+03
2.256923e+03
2.268322e+03
2.279720e+03
2.291119e+03
2.302517e+03
2.313916e+03
2.325315e+03
2.336713e+03
2.348112e+03
2.359510e+03
2.370909e+03
2.382308e+03
2.393706e+03
2.405105e+03
2.416503e+03
2.427902e+03
2.439301e+03
2.450699e+03
2.462098e+03
2.473497e+03
2.484895e+03
2.496294e+03
2.507692e+03
2.519091e+03
2.530490e+03
2.541888e+03
2.553287e+03
2.564685e+03
2.576084e+03
2.587483e+03
2.598881e+03
2.610280e+03
2.621678e+03
2.633077e+03
2.644476e+03
2.655874e+03
2.667273e+03
2.678671e+03
2.690070e+03
2.701469e+03
2.712867e+03
2.724266e+03
2.735664e+03
2.747063e+03
2.758462e+03
2.769860e+03
2.781259e+03
2.792657e+03
2.804056e+03
2.815455e+03
2.826853e+03
2.838252e+03
2.849650e+03
2.861049e+03
2.872448e+03
2.883846e+03
2.895245e+03
2.906643e+03
2.918042e+03
2.929441e+03
2.940839e+03
2.952238e+03
2.963636e+03
2.975035e+03
2.986434e+03
2.997832e+03
3.009231e+03
3.020629e+03
3.032028e+03
3.043427e+03
3.054825e+03
3.066224e+03
3.077622e+03
3.089021e+03
3.100420e+03
3.111818e+03
3.123217e+03
3.134615e+03
3.146014e+03
3.157413e+03
3.168811e+03
3.180210e+03
3.191608e+03
3.203007e+03
3.214406e+03
3.225804e+03
3.237203e+03
3.248601e+03
3.260000e+03
3.271399e+03
3.282797e+03
3.294196e+03
3.305594e+03
3.316993e+03
3.328392e+03
3.339790e+03
3.351189e+03
3.362587e+03
3.373986e+03
3.385385e+03
3.396783e+03
3.408182e+03
3.419580e+03
3.430979e+03
3.442378e+03
3.453776e+03
3.465175e+03
3.476573e+03
3.487972e+03
3.499371e+03
3.510769e+03
3.522168e+03
3.533566e+03
3.544965e+03
3.556364e+03
3.567762e+03
3.579161e+03
3.590559e+03
3.601958e+03
3.613357e+03
3.624755e+03
3.636154e+03
3.647552e+03
3.658951e+03
3.670350e+03
3.681748e+03
3.693147e+03
3.704545e+03
3.715944e+03
3.727343e+03
3.738741e+03
3.750140e+03
3.761538e+03
3.772937e+03
3.784336e+03
3.795734e+03
3.807133e+03
3.818531e+03
3.829930e+03
3.841329e+03
3.852727e+03
3.864126e+03
3.875524e+03
3.886923e+03
3.898322e+03
3.909720e+03
3.921119e+03
3.932517e+03
3.943916e+03
3.955315e+03
3.966713e+03
3.978112e+03
3.989510e+03
4.000909e+03
4.012308e+03
4.023706e+03
4.035105e+03
4.046503e+03
4.057902e+03
4.069301e+03
4.080699e+03
4.092098e+03
4.103497e+03
4.114895e+03
4.126294e+03
4.137692e+03
4.149091e+03
4.160490e+03
4.171888e+03
4.183287e+03
4.194685e+03
4.206084e+03
4.217483e+03
4.228881e+03
4.240280e+03
4.251678e+03
4.263077e+03
4.274476e+03
4.285874e+03
4.297273e+03
4.308671e+03
4.320070e+03
4.331469e+03
4.342867e+03
4.354266e+03
4.365664e+03
4.377063e+03
4.388462e+03
4.399860e+03
4.411259e+03
4.422657e+03
4.434056e+03
4.445455e+03
4.456853e+03
4.468252e+03
4.479650e+03
4.491049e+03
4.502448e+03
4.513846e+03
4.525245e+03
4.536643e+03
4.548042e+03
4.559441e+03
4.570839e+03
4.582238e+03
4.593636e+03
4.605035e+03
4.616434e+03
4.627832e+03
4.639231e+03
4.650629e+03
4.662028e+03
4.673427e+03
4.684825e+03
4.696224e+03
4.707622e+03
4.719021e+03
4.730420e+03
4.741818e+03
4.753217e+03
4.764615e+03
4.776014e+03
4.787413e+03
4.798811e+03
4.809210e+03
4.818608e+03
4.827007e+03
4.834406e+03
4.840804e+03
4.846203e+03
4.850601e+03
4.854000e+03
4.856399e+03
4.857797e+03
4.858196e+03
4.857594e+03
4.855993e+03
4.853392e+03
4.849790e+03
4.845189e+03
4.839587e+03
4.832986e+03
4.825385e+03
4.816783e+03
4.808182e+03
4.799580e+03
4.790979e+03
4.782378e+03
4.773776e+03
4.765175e+03
4.756573e+03
4.747972e+03
4.739371e+03
4.730769e+03
4.722168e+03
4.713566e+03
4.704965e+03
4.696364e+03
4.687762e+03
4.679161e+03
4.670559e+03
4.661958e+03
4.653357e+03
4.644755e+03
4.636154e+03
4.627552e+03
4.618951e+03
4.610350e+03
4.601748e+03
4.593147e+03
4.584545e+03
4.575944e+03
4.567343e+03
4.558741e+03
4.550140e+03
4.541538e+03
4.532937e+03
4.524336e+03
4.515734e+03
4.507133e+03
4.498531e+03
4.489930e+03
4.481329e+03
4.472727e+03
4.464126e+03
4.455524e+03
4.446923e+03
4.438322e+03
4.429720e+03
4.421119e+03
4.412517e+03
4.403916e+03
4.395315e+03
4.386713e+03
4.378112e+03
4.369510e+03
4.360909e+03
4.352308e+03
4.343706e+03
4.335105e+03
4.326503e+03
4.317902e+03
4.309301e+03
4.300699e+03
4.292098e+03
4.283497e+03
4.274895e+03
4.266294e+03
4.257692e+03
4.249091e+03
4.240490e+03
4.231888e+03
4.223287e+03
4.214685e+03
4.206084e+03
4.197483e+03
4.188881e+03
4.180280e+03
4.171678e+03
4.163077e+03
4.154476e+03
4.145874e+03
4.137273e+03
4.128671e+03
4.120070e+03
4.111469e+03
4.102867e+03
4.094266e+03
4.085664e+03
4.077063e+03
4.068462e+03
4.059860e+03
4.051259e+03
4.042657e+03
4.034056e+03
4.025455e+03
4.016853e+03
4.008252e+03
3.999650e+03
3.991049e+03
3.982448e+03
3.973846e+03
3.965245e+03
3.956643e+03
3.948042e+03
3.939441e+03
3.930839e+03
3.922238e+03
3.913636e+03
3.905035e+03
3.896434e+03
3.887832e+03
3.879231e+03
3.870629e+03
3.862028e+03
3.853427e+03
3.844825e+03
3.836224e+03
3.827622e+03
3.819021e+03
3.810420e+03
3.801818e+03
3.793217e+03
3.784615e+03
3.776014e+03
3.767413e+03
3.758811e+03
3.750210e+03
3.741608e+03
3.733007e+03
3.724406e+03
3.715804e+03
3.707203e+03
3.698601e+03
3.690000e+03
3.681399e+03
3.672797e+03
3.664196e+03
3.655594e+03
3.646993e+03
3.638392e+03
3.629790e+03
3.621189e+03
3.612587e+03
3.603986e+03
3.595385e+03
3.586783e+03
3.578182e+03
3.569580e+03
3.560979e+03
3.552378e+03
3.543776e+03
3.535175e+03
3.526573e+03
3.517972e+03
3.509371e+03
3.500769e+03
3.492168e+03
3.483566e+03
3.474965e+03
3.466364e+03
3.457762e+03
3.449161e+03
3.440559e+03
3.431958e+03
3.423357e+03
3.414755e+03
3.406154e+03
3.397552e+03
3.388951e+03
3.380350e+03
3.371748e+03
3.363147e+03
3.354545e+03
3.345944e+03
3.337343e+03
3.328741e+03
3.320140e+03
3.311538e+03
3.302937e+03
3.294336e+03
3.285734e+03
3.277133e+03
3.268531e+03
3.259930e+03
3.251329e+03
3.242727e+03
3.234126e+03
3.225524e+03
3.216923e+03
3.208322e+03
3.199720e+03
3.191119e+03
3.182517e+03
3.173916e+03
3.165315e+03
3.156713e+03
3.148112e+03
3.139510e+03
3.130909e+03
3.122308e+03
3.113706e+03
3.105105e+03
3.096503e+03
3.087902e+03
3.079301e+03
3.070699e+03
3.062098e+03
3.053497e+03
3.044895e+03
3.036294e+03
3.027692e+03
3.019091e+03
3.010490e+03
3.001888e+03
2.993287e+03
2.984685e+03
2.976084e+03
2.967483e+03
2.958881e+03
2.950280e+03
2.941678e+03
2.933077e+03
2.924476e+03
2.915874e+03
2.907273e+03
2.898671e+03
2.890070e+03
2.881469e+03
2.872867e+03
2.864266e+03
2.855664e+03
2.847063e+03
2.838462e+03
2.829860e+03
2.821259e+03
2.812657e+03
2.804056e+03
2.795455e+03
2.786853e+03
2.778252e+03
2.769650e+03
2.761049e+03
2.752448e+03
2.743846e+03
2.735245e+03
2.726643e+03
2.718042e+03
2.709441e+03
2.700839e+03
2.692238e+03
2.683636e+03
2.675035e+03
2.666434e+03
2.657832e+03
2.649231e+03
2.640629e+03
2.632028e+03
2.623427e+03
2.614825e+03
2.606224e+03
2.597622e+03
2.589021e+03
2.580420e+03
2.571818e+03
2.563217e+03
2.554615e+03
2.546014e+03
2.537413e+03
2.528811e+03
2.520210e+03
2.511608e+03
2.503007e+03
2.494406e+03
2.485804e+03
2.477203e+03
2.468601e+03
2.460000e+03
2.451399e+03
2.442797e+03
2.434196e+03
2.425594e+03
2.416993e+03
2.408392e+03
2.399790e+03
2.391189e+03
2.382587e+03
2.373986e+03
2.365385e+03
2.356783e+03
2.348182e+03
2.339580e+03
2.330979e+03
2.322378e+03
2.313776e+03
2.305175e+03
2.296573e+03
2.287972e+03
2.279371e+03
2.270769e+03
2.262168e+03
2.253566e+03
2.244965e+03
2.236364e+03
2.227762e+03
2.219161e+03
2.210559e+03
2.201958e+03
2.193357e+03
2.184755e+03
2.176154e+03
2.167552e+03
2.158951e+03
2.150350e+03
2.141748e+03
2.133147e+03
2.124545e+03
2.115944e+03
2.107343e+03
2.098741e+03
2.090140e+03
2.081538e+03
2.072937e+03
2.064336e+03
2.055734e+03
2.047133e+03
2.038531e+03
2.029930e+03
2.021329e+03
2.012727e+03
2.004126e+03
1.995524e+03
1.986923e+03
1.978322e+03
1.969720e+03
1.961119e+03
1.952517e+03
1.943916e+03
1.935315e+03
1.926713e+03
1.918112e+03
1.909510e+03
1.900909e+03
1.892308e+03
1.883706e+03
1.875105e+03
1.866503e+03
1.857902e+03
1.849301e+03
1.840699e+03
1.832098e+03
1.823497e+03
1.814895e+03
1.806294e+03
1.797692e+03
1.789091e+03
1.780490e+03
1.771888e+03
1.763287e+03
1.754685e+03
1.746084e+03
1.737483e+03
1.728881e+03
1.720280e+03
1.711678e+03
1.703077e+03
1.694476e+03
1.685874e+03
1.677273e+03
1.668671e+03
1.660070e+03
1.651469e+03
1.642867e+03
1.634266e+03
1.625664e+03
1.617063e+03
1.608462e+03
1.599860e+03
1.591259e+03
1.582657e+03
1.574056e+03
1.565455e+03
1.556853e+03
1.548252e+03
1.539650e+03
1.531049e+03
1.522448e+03
1.513846e+03
1.505245e+03
1.496643e+03
1.488042e+03
1.479441e+03
1.470839e+03
1.462238e+03
1.453636e+03
1.445035e+03
1.436434e+03
1.427832e+03
1.419231e+03
1.410629e+03
1.402028e+03
1.393427e+03
1.384825e+03
1.376224e+03
1.367622e+03
1.359021e+03
1.350420e+03
1.341818e+03
1.333217e+03
1.324615e+03
1.316014e+03
1.307413e+03
1.298811e+03
1.290210e+03
1.281608e+03
1.273007e+03
1.264406e+03
1.255804e+03
1.247203e+03
1.238601e+03
1.230000e+03
1.221399e+03
1.212797e+03
1.204196e+03
1.195594e+03
1.186993e+03
1.178392e+03
1.169790e+03
1.161189e+03
1.152587e+03
1.143986e+03
1.135385e+03
1.126783e+03
1.118182e+03
1.109580e+03
1.100979e+03
1.092378e+03
1.083776e+03
1.075175e+03
1.066573e+03
1.057972e+03
1.049371e+03
1.040769e+03
1.032168e+03
1.023566e+03
1.014965e+03
1.006364e+03
9.977622e+02
9.891608e+02
9.805594e+02
9.719580e+02
9.633566e+02
9.547552e+02
9.461538e+02
9.375524e+02
9.289510e+02
9.203497e+02
9.117483e+02
9.031469e+02
8.945455e+02
8.859441e+02
8.773427e+02
8.687413e+02
8.601399e+02
8.515385e+02
8.429371e+02
8.343357e+02
8.257343e+02
8.171329e+02
8.085315e+02
7.999301e+02
7.913287e+02
7.827273e+02
7.741259e+02
7.655245e+02
7.569231e+02
7.483217e+02
7.397203e+02
7.311189e+02
7.225175e+02
7.139161e+02
7.053147e+02
6.967133e+02
6.881119e+02
6.795105e+02
6.709091e+02
6.623077e+02
6.537063e+02
6.451049e+02
6.365035e+02
6.279021e+02
6.193007e+02
6.106993e+02
6.020979e+02
5.934965e+02
5.848951e+02
5.762937e+02
5.676923e+02
5.590909e+02
5.504895e+02
5.418881e+02
5.332867e+02
5.246853e+02
5.160839e+02
5.074825e+02
4.988811e+02
4.902797e+02
4.816783e+02
4.730769e+02
4.644755e+02
4.558741e+02
4.472727e+02
4.386713e+02
4.300699e+02
4.214685e+02
4.128671e+02
4.042657e+02
3.956643e+02
3.870629e+02
3.784615e+02
3.698601e+02
3.612587e+02
3.526573e+02
3.440559e+02
3.354545e+02
3.268531e+02
3.182517e+02
3.096503e+02
3.010490e+02
2.924476e+02
2.838462e+02
2.752448e+02
2.666434e+02
2.580420e+02
2.494406e+02
2.408392e+02
2.322378e+02
2.236364e+02
2.150350e+02
2.064336e+02
1.978322e+02
1.892308e+02
1.806294e+02
1.720280e+02
1.634266e+02
1.548252e+02
1.462238e+02
1.376224e+02
1.290210e+02
1.204196e+02
1.118182e+02
1.032168e+02
9.461538e+01
8.601399e+01
7.741259e+01
6.881119e+01
6.020979e+01
5.160839e+01
4.300699e+01
3.440559e+01
2.580420e+01
1.720280e+01
8.601399e+00
